Matrix 1: 1 1 2 6 2 2 2 2 2 3 7 3 3 3 3 3 4 10 8 5 5 5 5 5 3 3 9 1 1 1 1 1 1 2 3 4 5 3 4 5 6 7 1 1 2 6 2 2 2 2 2 3 7 3 3 3 3 3 4 10 8 5 5 5 5 5 3 3 9 1 1 1 1 1 1 2 3 4 5 3 4 5 6 7 
1 1 2 0 6 2 2 2 2 2 
0 0 3 0 7 3 3 3 3 3 
0 4 0 10 8 5 5 5 5 5 
0 0 3 3 9 1 1 1 1 1 
1 2 3 4 5 3 4 5 6 7 
1 1 2 0 6 2 2 2 2 2 
0 0 3 0 7 3 3 3 3 3 
0 4 0 10 8 5 5 5 5 5 
0 0 3 3 9 1 1 1 1 1 
1 2 3 4 5 3 4 5 6 7 
Matrix 2: 1 2 6 2 8 2 2 2 3 7 3 8 3 3 3 4 1 8 5 7 5 5 5 3 3 9 1 5 1 1 1 1 2 3 4 5 3 4 5 6 7 1 1 2 6 2 2 2 2 2 3 7 3 3 3 3 3 4 10 8 5 5 5 5 5 3 3 9 1 1 1 8 1 1 2 3 4 5 3 4 5 6 
0 1 2 0 6 2 8 2 2 2 
0 0 3 0 7 3 8 3 3 3 
0 4 0 1 8 5 7 5 5 5 
0 0 3 3 9 1 5 1 1 1 
1 2 3 4 5 3 4 5 6 7 
1 1 2 0 6 2 2 2 2 2 
0 0 3 0 7 3 3 3 3 3 
0 4 0 10 8 5 5 5 5 5 
0 0 3 3 9 1 1 1 8 1 
1 2 3 4 5 3 4 5 6 0 
Matrix Result: 1 2 4 12 4 10 4 4 4 6 14 6 11 6 6 6 8 11 16 10 12 10 10 10 6 6 18 2 6 2 2 2 2 4 6 8 10 6 8 10 12 14 2 2 4 12 4 4 4 4 4 6 14 6 6 6 6 6 8 20 16 10 10 10 10 10 6 6 18 2 2 2 9 2 2 4 6 8 10 6 8 10 12 7 
1 2 4 0 12 4 10 4 4 4 
0 0 6 0 14 6 11 6 6 6 
0 8 0 11 16 10 12 10 10 10 
0 0 6 6 18 2 6 2 2 2 
2 4 6 8 10 6 8 10 12 14 
2 2 4 0 12 4 4 4 4 4 
0 0 6 0 14 6 6 6 6 6 
0 8 0 20 16 10 10 10 10 10 
0 0 6 6 18 2 2 2 9 2 
2 4 6 8 10 6 8 10 12 7 
