Heap before sorting: random_N_100.txt
49888 48371 48700 45988 47861 47821 41233 44515 42962 47665 41336 47070 44211 31138 37666 28857 34859 42723 42799 40161 46604 32345 38900 43362 35772 41193 43268 24080 17154 30155 34077 18935 25084 19627 17998 33221 31860 34058 35303 28571 32490 35809 43673 17752 24247 30117 19843 39946 29608 34959 14725 27010 30412 40722 15371 1176 22785 8638 3923 14981 23619 15224 10859 1345 6485 790 24408 2474 12077 2562 16082 677 25580 13332 17208 10182 27478 26801 31879 2078 16905 21568 30885 13637 19763 15779 901 5421 6499 4823 8985 3444 25591 12683 4524 4704 7835 16775 2349 10776 
InsertHeap: 195 comparisons
DeleteRoot: 847 comparisons
Vector after sorting:
677 790 901 1176 1345 2078 2349 2474 2562 3444 3923 4524 4704 4823 5421 6485 6499 7835 8638 8985 10182 10776 10859 12077 12683 13332 13637 14725 14981 15224 15371 15779 16082 16775 16905 17154 17208 17752 17998 18935 19627 19763 19843 21568 22785 23619 24080 24247 24408 25084 25580 25591 26801 27010 27478 28571 28857 29608 30117 30155 30412 30885 31138 31860 31879 32345 32490 33221 34058 34077 34859 34959 35303 35772 35809 37666 38900 39946 40161 40722 41193 41233 41336 42723 42799 42962 43268 43362 43673 44211 44515 45988 46604 47070 47665 47821 47861 48371 48700 49888 

Heap before sorting: reversed_N_100.txt
100 99 98 97 96 95 94 93 92 91 90 89 88 87 86 85 84 83 82 81 80 79 78 77 76 75 74 73 72 71 70 69 68 67 66 65 64 63 62 61 60 59 58 57 56 55 54 53 52 51 50 49 48 47 46 45 44 43 42 41 40 39 38 37 36 35 34 33 32 31 30 29 28 27 26 25 24 23 22 21 20 19 18 17 16 15 14 13 12 11 10 9 8 7 6 5 4 3 2 1 
InsertHeap: 99 comparisons
DeleteRoot: 845 comparisons
Vector after sorting:
1 2 3 4 5 6 7 8 9 10 11 12 13 14 15 16 17 18 19 20 21 22 23 24 25 26 27 28 29 30 31 32 33 34 35 36 37 38 39 40 41 42 43 44 45 46 47 48 49 50 51 52 53 54 55 56 57 58 59 60 61 62 63 64 65 66 67 68 69 70 71 72 73 74 75 76 77 78 79 80 81 82 83 84 85 86 87 88 89 90 91 92 93 94 95 96 97 98 99 100 

Heap before sorting: sorted_N_100.txt
100 94 99 77 93 98 61 68 76 84 92 97 52 56 60 63 67 71 75 79 83 87 91 95 96 49 51 29 55 57 59 32 46 64 66 36 70 72 74 40 78 80 82 44 86 88 90 48 62 47 30 6 24 23 50 5 26 13 54 12 28 27 58 1 17 10 37 7 31 22 65 4 33 16 69 15 35 34 73 3 21 18 45 9 39 38 81 8 41 20 85 19 43 42 89 2 25 14 53 11 
InsertHeap: 480 comparisons
DeleteRoot: 811 comparisons
Vector after sorting:
1 2 3 4 5 6 7 8 9 10 11 12 13 14 15 16 17 18 19 20 21 22 23 24 25 26 27 28 29 30 31 32 33 34 35 36 37 38 39 40 41 42 43 44 45 46 47 48 49 50 51 52 53 54 55 56 57 58 59 60 61 62 63 64 65 66 67 68 69 70 71 72 73 74 75 76 77 78 79 80 81 82 83 84 85 86 87 88 89 90 91 92 93 94 95 96 97 98 99 100 
