2474 
35809 
4704 
48371 
49888 
40722 
15224 
26801 
45988 
47665 
12683 
44211 
43362 
1176 
37666 
1345 
6485 
13332 
10182 
16905 
13637 
5421 
32345 
34959 
39946 
27010 
43268 
22785 
17154 
14981 
30155 
19627 
790 
34859 
17998 
677 
25580 
33221 
27478 
21568 
30885 
40161 
15779 
24247 
41336 
3444 
25591 
47821 
16775 
35772 
14725 
30412 
41193 
47070 
15371 
31138 
24080 
8638 
3923 
41233 
23619 
34077 
10859 
24408 
18935 
28857 
25084 
44515 
12077 
2562 
16082 
42962 
42723 
31860 
17208 
34058 
35303 
42799 
31879 
2078 
28571 
46604 
32490 
19763 
43673 
47861 
901 
17752 
6499 
4823 
8985 
30117 
38900 
19843 
4524 
7835 
48700 
29608 
2349 
10776 
32170 
18431 
3738 
24892 
290 
20946 
8950 
35593 
13744 
40828 
37671 
42314 
37431 
20160 
12076 
31104 
18021 
12977 
48856 
24519 
17799 
7840 
4635 
6698 
27683 
9159 
14532 
26382 
38767 
16881 
37158 
20936 
35311 
40895 
45827 
35600 
11841 
4777 
21193 
25584 
45604 
8863 
17898 
33035 
29023 
29974 
14138 
47043 
42950 
12993 
21562 
10748 
20832 
26197 
17446 
48515 
35355 
31978 
24896 
24121 
48858 
12053 
45057 
34168 
2948 
40884 
19768 
14788 
45660 
40960 
40371 
41263 
49823 
8269 
24298 
28846 
38242 
38436 
25889 
31192 
1428 
47450 
41940 
22260 
23646 
9386 
20775 
9001 
41363 
45670 
33122 
40220 
7722 
28178 
24387 
10669 
19061 
44155 
25456 
14721 
35115 
15827 
5984 
34937 
24096 
30281 
13783 
12338 
18716 
39671 
43529 
20144 
37120 
35469 
42404 
10766 
44854 
13178 
19766 
36216 
8847 
2887 
26435 
16569 
31065 
822 
27238 
126 
44977 
2694 
14846 
30091 
18521 
20829 
15028 
42616 
1110 
28810 
4953 
19825 
18481 
48482 
39969 
5601 
33951 
32372 
16366 
28804 
45549 
36132 
15019 
4396 
39018 
41454 
20965 
20083 
42276 
48202 
20208 
37253 
895 
35054 
17343 
19415 
5883 
32371 
12030 
6992 
11181 
16983 
26816 
29661 
15465 
16784 
35261 
49415 
49156 
1626 
28219 
44705 
37758 
43238 
49100 
26776 
34692 
20064 
46858 
26967 
18265 
17066 
14220 
19160 
2119 
31562 
38574 
8001 
13933 
604 
14993 
25113 
17587 
41809 
4773 
33052 
8592 
40033 
32466 
7748 
41659 
10684 
2452 
29416 
3922 
1551 
6191 
38613 
21615 
3049 
15580 
39880 
20114 
29799 
9039 
22233 
11361 
47613 
30234 
25293 
48217 
45227 
405 
15803 
37035 
5177 
48854 
45626 
45210 
31320 
3374 
36869 
42004 
5825 
16285 
45925 
7376 
22476 
34537 
28990 
25524 
117 
18870 
45638 
29915 
27909 
17871 
41275 
25521 
48105 
16567 
23738 
43331 
16971 
39540 
30365 
22148 
38394 
25991 
17357 
19714 
29364 
4226 
11718 
35188 
20510 
7643 
42563 
42985 
42179 
21553 
18508 
42296 
40423 
14146 
22210 
18331 
32016 
13484 
43852 
30121 
30051 
17589 
23451 
47021 
7129 
3815 
19169 
45522 
29805 
36526 
15236 
9168 
40751 
26953 
44356 
11260 
34595 
36918 
4245 
26774 
8471 
22753 
19069 
48893 
36898 
41279 
17223 
18914 
4762 
11075 
49034 
34812 
28663 
22484 
31833 
35791 
26299 
1002 
31313 
6103 
37527 
46549 
15271 
28278 
23502 
9626 
39538 
8097 
46544 
43782 
34870 
5015 
16535 
3939 
3907 
3432 
45218 
21130 
22346 
49979 
32204 
21379 
34791 
10867 
43863 
16624 
46658 
20162 
17626 
27970 
26264 
5152 
41535 
33430 
48020 
1161 
22967 
6116 
47704 
16749 
40986 
2719 
33283 
44924 
6625 
36715 
40141 
27755 
9060 
40120 
9959 
30439 
24911 
20826 
24302 
17483 
44463 
9160 
45452 
20727 
14312 
19970 
12261 
47741 
17990 
13421 
20707 
24105 
11125 
37456 
15090 
13843 
20738 
10014 
20468 
7452 
155 
48222 
16512 
40275 
8181 
46950 
15185 
29006 
21251 
6720 
46488 
15713 
15879 
36439 
30190 
11910 
27930 
29899 
12120 
48637 
4003 
23245 
36092 
19093 
37087 
6830 
29106 
7554 
14281 
29260 
5776 
30792 
19534 
13956 
27742 
34719 
42961 
48993 
41438 
39449 
14705 
7316 
31388 
1144 
37506 
43298 
49844 
15436 
23196 
11963 
14072 
27199 
35208 
164 
46291 
22294 
6994 
25396 
29847 
21275 
4656 
35623 
2067 
24190 
49578 
29808 
8908 
42539 
28800 
346 
31987 
43505 
7662 
13375 
44649 
45167 
6672 
44492 
10603 
29868 
6455 
24675 
7067 
41662 
24838 
3357 
13955 
31832 
28753 
43802 
3106 
33409 
29424 
5172 
7598 
29002 
34979 
16506 
21540 
13779 
16852 
3527 
7283 
24513 
16902 
1931 
19680 
23573 
46423 
30282 
3441 
2877 
4956 
10508 
44538 
29794 
13865 
8493 
11625 
42618 
2295 
14730 
26026 
31718 
19902 
33624 
10720 
4881 
130 
32259 
18659 
16981 
35786 
25941 
41493 
2687 
27872 
11173 
26260 
24295 
29700 
27171 
46409 
40207 
21709 
26203 
4072 
30202 
37827 
46689 
32496 
2557 
22714 
14214 
22459 
6338 
24933 
27339 
6467 
7192 
45997 
23448 
42977 
21938 
14940 
45663 
49810 
26113 
21922 
24104 
17566 
1622 
1274 
13975 
41829 
22983 
40177 
45900 
3184 
28004 
42588 
35679 
30561 
15302 
49893 
3019 
21639 
24825 
30358 
28106 
26354 
1553 
24993 
48292 
16493 
20655 
48101 
42605 
42577 
22205 
10171 
44199 
23478 
24145 
36027 
46461 
14322 
31927 
49644 
42326 
24515 
35323 
22887 
39817 
35215 
25906 
11456 
10039 
6263 
39561 
42055 
32617 
41114 
17047 
30908 
7607 
37702 
29009 
211 
30279 
1213 
10382 
24477 
24691 
34527 
10504 
21151 
48849 
42431 
20795 
41174 
16945 
6117 
14061 
6761 
41332 
39966 
18217 
1371 
46229 
7777 
43425 
28845 
48891 
10472 
9753 
6497 
48174 
38761 
6707 
28453 
39973 
17089 
2929 
14663 
1615 
13433 
35814 
463 
5863 
6608 
41637 
22808 
12724 
5697 
29569 
4056 
47785 
5426 
41892 
5562 
48850 
20736 
4452 
9322 
30488 
10948 
7496 
19248 
17655 
35948 
9221 
34743 
38877 
23883 
36358 
2309 
9696 
36820 
8172 
16303 
28456 
30979 
29027 
34153 
10548 
33082 
29816 
8333 
38508 
21707 
13894 
37357 
42442 
18346 
46679 
22930 
29293 
4174 
42178 
46948 
40122 
1398 
31691 
28998 
25280 
18048 
31306 
34976 
4867 
39478 
1279 
33323 
20456 
30306 
17476 
31004 
13388 
47291 
39336 
1895 
18997 
3230 
39252 
11439 
21575 
35930 
34368 
868 
40104 
26545 
47816 
30225 
27943 
29506 
9223 
3222 
47553 
40528 
38198 
2420 
30006 
39476 
35743 
461 
19781 
3218 
31465 
33168 
509 
20801 
35063 
19505 
24030 
24314 
30944 
10244 
15312 
46472 
348 
41857 
44287 
30573 
19799 
23792 
39795 
23021 
21345 
30323 
11218 
23765 
10328 
693 
9507 
10789 
20474 
12725 
42253 
3642 
13233 
13053 
38704 
32738 
37083 
13018 
13681 
32686 
23261 
28993 
29158 
23609 
20849 
23444 
4181 
40647 
47235 
43975 
13667 
18580 
24297 
24884 
42344 
34624 
25577 
1851 
45413 
46051 
14575 
37665 
49693 
27808 
718 
38396 
10545 
37800 
1414 
24226 
20486 
49643 
48283 
24067 
23086 
2463 
14713 
20321 
46437 
28380 
20734 
3263 
31244 
5358 
28840 
33094 
770 
24891 
47668 
38435 
24583 
25476 
39153 
12979 
36020 
14392 
10246 
47438 
39066 
13464 
47081 
37349 
37530 
20167 
39811 
2242 
40488 
36248 
30622 
29388 
6982 
33885 
10631 
12339 
43724 
13109 
37614 
41392 
1544 
12197 
16867 
40696 
25175 
17649 
39567 
13133 
15087 
28632 
26596 
12167 
15981 
14126 
32334 
5791 
16368 
22821 
42039 
46989 
2208 
49020 
30873 
12838 
11359 
43596 
6562 
24468 
31210 
47954 
26011 
43406 
14820 
16707 
18581 
17707 
34355 
8147 
30839 
49441 
36779 
7435 
11608 
2759 
21560 
43941 
8550 
37927 
16762 
588 
34916 
18970 
49608 
15788 
31808 
10967 
9383 
38369 
35434 
40593 
36322 
11444 
33999 
1142 
28151 
2580 
18849 
12505 
10726 
49688 
11946 
47505 
7123 
23553 
263 
28682 
17494 
8813 
16609 
34256 
9401 
1524 
3225 
9008 
17312 
35033 
19975 
26695 
23401 
5408 
17287 
9723 
16851 
1286 
10865 
45002 
3865 
29713 
7506 
14591 
29401 
19452 
12095 
36523 
43005 
12358 
15205 
10499 
21171 
31814 
44754 
30571 
33338 
47979 
39579 
649 
33011 
9553 
27343 
6412 
14960 
44630 
16134 
31811 
45915 
26999 
26812 
49780 
6711 
34318 
14371 
36112 
3769 
26466 
22634 
46774 
38824 
37838 
7272 
9994 
19651 
2025 
40564 
2989 
3 
30143 
3637 
33014 
39695 
39425 
4655 
25609 
5558 
36466 
21524 
32556 
13277 
21303 
39267 
47595 
35674 
25378 
1364 
12139 
48012 
48137 
963 
35849 
10956 
5500 
7433 
1520 
8488 
7436 
31662 
12124 
40449 
21357 
43103 
29873 
18711 
35431 
12476 
40234 
17987 
25753 
11537 
7253 
23347 
47211 
32631 
24711 
9350 
30642 
22848 
10312 
16491 
28255 
21267 
21990 
35688 
22786 
30478 
43123 
4448 
42602 
33571 
25804 
35704 
13443 
1814 
4415 
48874 
14290 
16860 
40042 
6185 
24112 
13389 
3396 
6743 
38099 
12745 
37385 
10946 
23056 
3875 
39201 
44323 
25865 
24888 
17108 
6342 
18011 
21555 
48943 
1581 
47359 
34647 
15024 
49172 
39061 
13897 
13461 
33710 
30756 
3503 
39894 
4868 
16891 
43290 
11610 
4990 
6034 
48994 
15936 
29089 
2869 
5136 
23411 
28733 
30024 
40519 
35074 
48034 
12074 
34017 
49615 
9432 
18663 
14638 
8604 
7724 
28535 
22065 
41433 
9290 
25567 
31327 
14158 
42457 
24616 
25767 
47447 
30649 
24761 
13382 
9738 
27629 
18518 
33149 
6362 
48541 
23667 
41435 
46575 
35741 
25451 
46189 
45173 
44114 
10827 
3776 
1837 
39361 
25840 
43270 
48651 
1406 
24596 
12808 
49212 
38575 
41309 
29861 
13336 
4690 
39598 
40965 
23207 
22746 
47326 
21748 
46413 
18323 
32154 
14212 
14512 
27326 
8325 
25339 
31101 
10162 
14699 
6941 
3431 
13350 
8347 
28027 
26157 
2209 
14731 
43518 
7098 
28067 
48207 
46696 
19031 
21414 
19442 
16356 
43162 
15855 
5116 
11485 
48008 
19327 
25996 
25333 
27652 
1334 
6434 
37813 
16033 
41244 
29383 
21721 
19271 
5539 
23929 
46508 
20270 
3606 
48336 
15653 
302 
17366 
37067 
19743 
33722 
30229 
35597 
38838 
41713 
33604 
8164 
17709 
8937 
35816 
19043 
23628 
35076 
28745 
14872 
14458 
465 
34142 
19997 
24394 
30650 
40266 
41840 
38602 
7492 
34557 
5968 
44559 
4299 
39689 
24787 
39895 
28526 
16500 
23499 
36690 
34209 
32436 
22505 
3251 
47806 
46133 
38327 
26550 
11004 
2784 
27015 
45146 
22780 
1408 
25795 
13046 
43247 
10050 
1647 
739 
44607 
7614 
45298 
48905 
47302 
20085 
38800 
25828 
36584 
12299 
12517 
20792 
44734 
35021 
24043 
42540 
31153 
12369 
19090 
42157 
15153 
46104 
37302 
37933 
47512 
13097 
978 
40759 
23147 
2624 
41497 
17753 
10238 
36794 
16658 
7539 
6879 
5457 
33367 
43462 
17756 
45883 
14254 
12489 
30904 
38297 
5028 
12057 
666 
24118 
4213 
15818 
20221 
41515 
3750 
17733 
4612 
4727 
8491 
27758 
7351 
49987 
45511 
17588 
36781 
12168 
25127 
43659 
17625 
37121 
35380 
4376 
1375 
47868 
35280 
2896 
47336 
40336 
27013 
1549 
6154 
47234 
43063 
9904 
14966 
47675 
14631 
23456 
25432 
21981 
23443 
20942 
39569 
10224 
33110 
14696 
3883 
734 
23189 
41004 
36114 
27564 
42378 
33981 
12843 
32048 
36877 
10179 
22384 
13890 
11727 
28538 
11124 
4790 
38441 
26089 
2464 
3071 
49545 
27896 
25051 
22988 
48838 
14620 
33211 
31947 
29315 
37094 
32681 
2503 
28097 
18794 
30067 
2775 
42910 
2522 
39652 
3088 
24906 
3541 
14814 
3443 
14664 
19604 
41883 
40753 
22067 
44953 
40298 
49962 
20004 
13285 
48799 
46495 
30746 
13938 
33588 
13426 
16441 
11685 
32219 
46507 
32158 
34993 
39416 
34680 
24644 
42503 
9585 
28185 
7317 
13027 
42849 
26920 
4910 
33602 
48986 
49863 
23899 
48948 
19867 
37183 
47747 
4490 
33678 
28492 
18428 
17266 
41918 
34868 
28950 
24137 
31374 
11108 
9130 
20790 
45787 
33774 
13292 
5371 
11958 
20609 
18398 
4807 
47528 
23308 
38408 
46514 
23170 
12307 
45461 
43037 
49489 
43208 
47527 
33167 
21699 
15954 
432 
13617 
29382 
37753 
32195 
40489 
46882 
2985 
36275 
30655 
16276 
41646 
42613 
36884 
10044 
47420 
34412 
33351 
35827 
30925 
6521 
48133 
26385 
49557 
47622 
19592 
47083 
30788 
41291 
13037 
31220 
4908 
13858 
10601 
42660 
46053 
1089 
39542 
49037 
37364 
20196 
15313 
12809 
2197 
39052 
10228 
36608 
22403 
46055 
17532 
28923 
44188 
43917 
28480 
41810 
13509 
25563 
22598 
4800 
38599 
3817 
9707 
2456 
14418 
2366 
48509 
15506 
41908 
47545 
2870 
12104 
12857 
24912 
15053 
20930 
35140 
1661 
43333 
31195 
19192 
22255 
25382 
17192 
26618 
26296 
39789 
31417 
14895 
43605 
41124 
17351 
8022 
43490 
15859 
23528 
35397 
13403 
26397 
47500 
8275 
22411 
41313 
29205 
7551 
42973 
22537 
38745 
12165 
44792 
14127 
25274 
45526 
31318 
1891 
21822 
21106 
33308 
36716 
14711 
24431 
4066 
22732 
17920 
19925 
46260 
3316 
33327 
22657 
815 
9587 
30931 
23226 
899 
10136 
30777 
43872 
32673 
19521 
6036 
27465 
33648 
31310 
22990 
14965 
33200 
44811 
36070 
16507 
31527 
780 
40937 
23512 
8857 
5517 
19771 
12172 
38843 
42427 
12987 
48430 
23358 
36213 
49328 
33494 
16989 
43200 
16167 
36510 
49236 
43631 
20157 
30545 
16620 
35122 
11431 
21191 
30251 
42958 
21971 
21187 
28550 
45483 
30043 
34066 
15254 
42215 
22909 
7681 
5202 
21338 
31039 
41415 
20666 
8404 
30698 
44913 
13101 
24328 
15070 
43645 
40948 
191 
7389 
2379 
21382 
37639 
45336 
43353 
8825 
23885 
38835 
38868 
7950 
4089 
31083 
30859 
11769 
36284 
2196 
42807 
27699 
22861 
7338 
36102 
36726 
38036 
31015 
49826 
12364 
46084 
43471 
3312 
46275 
859 
5690 
17657 
38497 
1025 
11009 
47322 
24910 
36190 
32860 
3933 
17272 
13718 
15701 
3556 
15913 
8507 
31254 
38774 
15845 
17355 
25500 
3881 
48369 
25326 
16244 
44453 
18796 
19555 
40728 
19655 
25245 
8384 
8151 
26270 
19393 
5472 
1179 
19237 
34039 
23169 
8933 
47756 
38869 
13669 
47376 
43743 
2442 
13221 
11098 
27942 
17101 
9467 
3268 
33344 
3919 
22063 
2899 
44646 
41717 
28143 
3030 
49868 
4412 
22422 
5340 
5591 
47001 
39629 
14827 
5934 
37384 
3696 
18422 
1052 
1071 
12164 
3494 
14291 
23262 
31436 
31391 
32728 
34703 
14735 
36646 
6766 
17633 
31292 
48483 
45775 
34321 
48350 
187 
3689 
5777 
48401 
690 
45405 
13228 
6623 
32789 
16923 
25045 
33841 
17994 
37208 
37334 
32285 
10469 
18770 
13676 
43197 
3472 
28410 
29842 
46042 
11134 
8720 
41817 
45454 
7069 
10758 
47780 
597 
11447 
43185 
13825 
18070 
25973 
30747 
43114 
9814 
48740 
30322 
47147 
31025 
40791 
15917 
44700 
33987 
19388 
23109 
13828 
29625 
19151 
24962 
38345 
10968 
20416 
2971 
22612 
6171 
750 
23209 
17618 
43935 
37033 
35687 
19908 
17779 
29721 
16519 
9121 
26868 
47543 
49911 
42784 
42243 
33898 
15351 
47726 
41797 
34502 
22687 
30141 
45469 
43102 
25554 
48439 
31724 
49189 
38922 
49342 
25954 
35028 
13031 
43733 
42751 
10252 
22949 
19618 
7795 
22860 
12401 
37 
6757 
24573 
15388 
4482 
16369 
49889 
27168 
46510 
45357 
43796 
35982 
3787 
42984 
24904 
3128 
36107 
857 
38156 
49138 
44590 
1984 
41888 
4841 
24932 
11505 
12636 
47791 
23906 
12672 
4547 
48479 
28059 
9029 
14847 
27947 
36196 
11356 
23304 
6466 
33419 
17099 
42447 
37206 
10083 
17350 
40333 
46190 
18207 
28489 
45327 
12796 
30472 
37215 
17637 
5403 
48720 
30272 
3194 
22625 
42944 
7740 
21104 
21002 
16769 
35950 
48949 
2965 
47306 
22252 
9430 
30725 
39351 
1877 
17930 
49434 
19227 
8263 
45623 
37433 
36751 
40950 
229 
28164 
17866 
22626 
26883 
25819 
49508 
41080 
33559 
20611 
12082 
327 
6561 
11031 
3291 
3867 
12720 
34591 
22633 
14596 
2521 
33822 
10783 
17690 
21255 
47534 
8639 
21484 
14756 
36803 
39349 
37381 
13686 
37486 
13200 
13194 
28566 
46758 
33805 
47084 
40365 
1677 
375 
44232 
34960 
13095 
28823 
7592 
27690 
31343 
29658 
11512 
42126 
47347 
32767 
39659 
5986 
4250 
42789 
43598 
41795 
6474 
4994 
19667 
9648 
1752 
3471 
295 
48835 
43836 
1972 
49210 
38067 
36931 
12304 
16889 
44523 
39994 
48232 
24181 
1506 
40357 
21528 
34272 
30015 
27514 
38522 
34429 
20302 
32119 
26224 
26775 
13202 
31218 
46441 
22850 
32969 
49912 
23145 
31804 
43747 
25117 
31013 
12047 
43316 
48703 
6570 
33309 
46934 
30750 
34814 
37291 
2278 
19086 
17306 
29791 
1734 
92 
39726 
27958 
26867 
2928 
9175 
25777 
42144 
23219 
48922 
23947 
16966 
24038 
4960 
48779 
36085 
48275 
47481 
42654 
31584 
44415 
23404 
16398 
31705 
25681 
35483 
49010 
5471 
43090 
744 
5563 
32815 
28702 
32429 
35742 
37877 
5736 
11519 
30020 
28954 
10440 
3967 
45920 
34478 
8926 
44698 
20562 
7201 
13215 
38785 
36593 
36618 
5182 
18298 
12298 
40665 
17308 
17769 
33755 
18051 
23331 
46753 
5760 
2311 
34629 
11495 
13829 
14648 
24269 
18615 
36368 
8746 
27540 
31066 
29307 
34741 
23244 
42522 
23525 
9837 
29139 
28707 
28134 
41437 
19371 
45442 
9206 
3125 
13492 
32536 
19694 
10245 
38296 
22004 
44873 
49790 
35833 
9521 
40238 
10101 
28135 
26606 
18847 
5675 
7671 
48154 
40415 
30914 
40675 
13939 
19814 
42646 
18885 
11251 
12016 
14326 
15141 
27817 
2992 
34835 
38062 
41287 
6838 
32934 
41077 
42671 
42454 
31315 
2771 
20589 
7920 
21618 
26263 
15591 
19772 
16678 
46505 
10446 
30617 
37255 
30260 
6139 
41511 
35278 
20464 
11967 
418 
48281 
14959 
35252 
36342 
6245 
42090 
19275 
34760 
11729 
28636 
37531 
32317 
36556 
9149 
8580 
2146 
28920 
25257 
48650 
39366 
5874 
35904 
19625 
29135 
42042 
11136 
14412 
23102 
14830 
10786 
38060 
82 
47127 
44305 
42171 
16402 
41626 
26931 
28130 
20262 
14462 
10447 
6817 
23610 
19026 
8962 
2529 
44283 
7611 
41894 
156 
43514 
29291 
35556 
22655 
43702 
48061 
45756 
8532 
8846 
33816 
8613 
5973 
28121 
784 
22374 
19747 
27715 
504 
40008 
42176 
10950 
46824 
15786 
29976 
5785 
18314 
24259 
13396 
10208 
24415 
6910 
21727 
3705 
42466 
44381 
47407 
40526 
40137 
5938 
49372 
23953 
14550 
5345 
2073 
15334 
27718 
21819 
43048 
28221 
11826 
35223 
39171 
8650 
1008 
19147 
14435 
19322 
43405 
27831 
29530 
17819 
34740 
1257 
21523 
27205 
45637 
18929 
17731 
35774 
24866 
17102 
9727 
22446 
11799 
4749 
33618 
47796 
28385 
45444 
33019 
17555 
4094 
34026 
36701 
18528 
3348 
30106 
46358 
32877 
47924 
31098 
34133 
19447 
8302 
29770 
38375 
26032 
15544 
13241 
43134 
25270 
2656 
37069 
7405 
15744 
20686 
5200 
44128 
16130 
38218 
11683 
20223 
22244 
48384 
38750 
35108 
8468 
26413 
16205 
42601 
45859 
24507 
22370 
34234 
539 
37914 
47474 
13183 
9252 
252 
7534 
24996 
20938 
12734 
19124 
951 
30806 
7290 
23195 
29190 
46040 
48785 
7679 
31147 
34091 
47352 
49853 
29950 
21858 
22223 
14183 
22396 
11657 
16068 
23319 
11786 
25320 
23570 
19320 
315 
44508 
32053 
19438 
31574 
33004 
244 
38864 
6198 
29434 
34903 
4983 
37112 
16049 
12235 
21203 
13400 
12088 
1152 
35258 
34310 
7653 
44445 
26990 
23720 
17764 
38776 
49040 
41334 
8095 
49354 
35841 
40148 
18792 
17415 
23151 
19036 
6278 
29349 
48469 
41180 
34332 
35580 
7229 
46567 
6782 
20629 
8654 
7934 
5886 
42963 
23267 
13538 
37408 
257 
37258 
5171 
39033 
36297 
47128 
35651 
37275 
4442 
49759 
10426 
23477 
39774 
21946 
47216 
24106 
7525 
4444 
20672 
14307 
25072 
29325 
22240 
30957 
22288 
45507 
44495 
9695 
45764 
31752 
14866 
34796 
18049 
11370 
31923 
3700 
43714 
19198 
8142 
43473 
29623 
31618 
49509 
19397 
3563 
46724 
43502 
11088 
1167 
14173 
25395 
26238 
43498 
47634 
7195 
15785 
43141 
1689 
25480 
38904 
33441 
40345 
23700 
1490 
1715 
5622 
5189 
45429 
24820 
13330 
38901 
4443 
44948 
38410 
23839 
48511 
35133 
17341 
9599 
36300 
31514 
12538 
25011 
32626 
19732 
40796 
25766 
21421 
16275 
14670 
4862 
6620 
6351 
8334 
43991 
11540 
3763 
18810 
24869 
42664 
23253 
19817 
31073 
47092 
18327 
14432 
27925 
2505 
45946 
12917 
15042 
20957 
45543 
34773 
11752 
21309 
6194 
28026 
35978 
11055 
34645 
24347 
17406 
42979 
18337 
28945 
46741 
37147 
3814 
39405 
10399 
23630 
20477 
7490 
41957 
36682 
19882 
39186 
17867 
32798 
4227 
38823 
28341 
39000 
575 
49650 
45194 
28600 
35628 
6249 
13245 
9974 
23654 
6224 
28311 
2599 
15457 
42369 
25856 
30042 
12845 
33345 
21998 
49527 
5267 
41879 
38712 
23134 
24677 
42939 
11956 
3018 
31939 
12531 
2667 
27132 
41130 
38294 
33381 
4375 
48268 
7034 
10598 
26578 
9633 
13562 
42035 
16044 
5931 
17890 
46086 
18775 
1235 
18084 
18302 
6501 
9963 
7013 
29634 
34639 
49952 
41590 
37657 
31891 
4120 
40324 
9023 
45250 
28617 
42403 
49625 
26884 
49436 
10222 
3462 
9068 
23784 
45496 
25112 
29714 
13385 
21197 
48489 
14619 
39281 
16790 
21120 
49243 
23803 
754 
33882 
23755 
42343 
21538 
5645 
46463 
11861 
14667 
40478 
41337 
17362 
6505 
1558 
20823 
15573 
25342 
16318 
40684 
5056 
29703 
11881 
3544 
44321 
20334 
15441 
404 
44137 
16194 
34285 
17891 
8537 
5822 
23535 
4999 
17683 
38202 
46712 
8161 
45270 
38048 
25522 
1774 
39606 
46344 
17346 
14947 
12662 
8030 
20003 
42364 
19911 
23547 
36685 
21072 
43880 
2125 
21475 
38016 
18319 
5759 
5906 
26855 
11581 
29441 
31854 
29264 
17642 
28565 
37424 
12911 
16613 
12945 
14685 
6218 
9289 
32031 
21165 
21950 
40061 
41167 
14313 
9971 
998 
31042 
3122 
2517 
46608 
21441 
2513 
48296 
19856 
31954 
30150 
49119 
49595 
8715 
36543 
12506 
25327 
49487 
27191 
31544 
8775 
9222 
2708 
49282 
43874 
45038 
9253 
8587 
46035 
40295 
17178 
49157 
42811 
13786 
20597 
1086 
16299 
18893 
20941 
48252 
49042 
20060 
47847 
7756 
6602 
10352 
6089 
37542 
14626 
14864 
46764 
17334 
45588 
46045 
11208 
40625 
5297 
19794 
36659 
45591 
36972 
35815 
38402 
757 
39487 
17055 
25304 
10428 
15307 
24345 
30487 
13153 
32101 
37089 
23504 
15183 
43177 
11046 
29809 
8041 
7809 
47142 
3628 
3854 
8349 
44253 
9151 
30912 
4741 
15114 
16726 
43143 
15871 
23138 
32629 
32925 
48442 
43056 
48231 
22787 
23543 
11383 
4887 
34887 
20070 
3808 
45933 
49878 
11848 
3741 
47019 
15476 
7595 
5368 
9728 
16745 
33510 
40639 
21486 
48624 
7365 
14628 
14494 
30503 
47256 
47419 
28944 
40312 
45649 
1730 
13854 
7032 
6617 
24485 
41919 
26686 
28293 
37851 
26563 
41592 
23582 
5617 
49186 
28949 
15345 
15930 
12459 
37415 
11082 
13348 
2043 
25576 
43851 
49298 
22994 
22794 
39610 
18643 
24524 
3464 
25674 
31141 
27949 
17593 
7826 
6241 
5443 
34389 
46382 
47034 
7971 
1998 
46220 
36919 
12150 
49378 
23326 
49565 
10460 
36674 
1607 
36035 
30524 
905 
3318 
40514 
27671 
27842 
43978 
3345 
8982 
21926 
20937 
16808 
28167 
26380 
1196 
24549 
23414 
9166 
26547 
19633 
46085 
43889 
31782 
45463 
17214 
31346 
5922 
3887 
32953 
34411 
33857 
985 
37728 
24371 
28655 
15569 
18348 
32000 
24551 
40273 
2936 
41358 
18440 
29316 
42554 
42988 
2729 
1719 
22361 
47804 
13422 
4143 
43267 
30636 
35489 
49188 
34522 
18441 
41145 
18933 
2298 
42129 
6660 
26668 
20784 
22229 
45015 
2783 
46780 
35288 
5719 
38137 
3727 
35034 
30690 
46714 
37763 
32409 
16248 
10124 
30213 
29669 
14266 
23479 
10304 
49755 
22667 
44826 
18196 
13811 
13758 
20493 
5940 
20418 
47160 
26723 
42647 
42175 
39426 
27462 
35225 
27562 
31189 
20259 
8252 
27903 
8021 
40661 
44150 
18144 
20873 
23819 
32410 
44352 
34122 
32164 
17018 
28948 
359 
30828 
42706 
20852 
36767 
13123 
13490 
5769 
10186 
42996 
37647 
22756 
18836 
31008 
46738 
6500 
21669 
40888 
42541 
14706 
7054 
36893 
48828 
39218 
3910 
27775 
39576 
34738 
20480 
10427 
21505 
33603 
28438 
34995 
39371 
38623 
27990 
34565 
6211 
7321 
45106 
4689 
38328 
41843 
11189 
9997 
32731 
2537 
47436 
42886 
39430 
46263 
32103 
43339 
24037 
21679 
28077 
44517 
32106 
49582 
28119 
10543 
34576 
17490 
49166 
12566 
2054 
25436 
18776 
9375 
20541 
23465 
47703 
12384 
34654 
7699 
45114 
10236 
42549 
13371 
49665 
38812 
45473 
43004 
12849 
17151 
21080 
49256 
20662 
35484 
9799 
5237 
2973 
8964 
17803 
5027 
34400 
36579 
14401 
4940 
10043 
12103 
17324 
44696 
19801 
12437 
15181 
30036 
4986 
28552 
29701 
43797 
24024 
22704 
6645 
41175 
43784 
14010 
40431 
14445 
49493 
19682 
2465 
9193 
37485 
43592 
24063 
21892 
48532 
34105 
33995 
28801 
3795 
28292 
43982 
33831 
33277 
22533 
13532 
27073 
46557 
36235 
33718 
37732 
30019 
47727 
28162 
44464 
47219 
28390 
14145 
49684 
37582 
1629 
7175 
31174 
25692 
29067 
29705 
9796 
13061 
45560 
38597 
16856 
23851 
32579 
687 
7127 
5112 
14218 
34200 
1668 
453 
17917 
39399 
30471 
15644 
17560 
24934 
12863 
45950 
39079 
12547 
33532 
40707 
19722 
48788 
44410 
26194 
39970 
14791 
28704 
13820 
47369 
29390 
20947 
2481 
43607 
5146 
4148 
44059 
23063 
43547 
24529 
38707 
11107 
49463 
1569 
7057 
38541 
14115 
40588 
29248 
33837 
5293 
45646 
32624 
49703 
21840 
44472 
39672 
36630 
23175 
3492 
2565 
24438 
36479 
46171 
29583 
40627 
40230 
2646 
34174 
14759 
41352 
45280 
14221 
42920 
2336 
2762 
7035 
42924 
32009 
40871 
48216 
27655 
23495 
47919 
49494 
17967 
37591 
36124 
41142 
41082 
20123 
43706 
15519 
39877 
45102 
47228 
31401 
44865 
39099 
26681 
9086 
32018 
29017 
11847 
39053 
21940 
43856 
29924 
20156 
21511 
3419 
18074 
21004 
21385 
5665 
7128 
12526 
46746 
27250 
6232 
12264 
33851 
46108 
7366 
31079 
26214 
12480 
21079 
44210 
39161 
30164 
26228 
18177 
42011 
15281 
40116 
35867 
45205 
10272 
7377 
48623 
28346 
28381 
20008 
34010 
35508 
32534 
30755 
12757 
38765 
43019 
34873 
384 
27687 
11086 
5496 
40166 
49705 
29327 
12328 
25933 
47503 
4338 
41214 
37619 
40205 
36418 
47890 
47581 
35041 
26236 
25961 
5048 
11468 
37581 
40999 
24225 
26346 
34018 
20833 
34401 
48520 
22304 
39896 
38685 
4468 
39601 
16795 
15534 
15514 
21133 
6747 
3132 
11337 
43164 
1022 
8917 
28204 
27257 
34878 
33252 
37501 
46346 
28500 
20571 
47178 
41403 
8396 
46918 
39922 
30700 
36813 
28607 
35167 
26414 
46618 
1961 
41947 
12132 
23094 
48693 
15264 
34430 
43347 
20061 
43542 
28224 
31043 
24570 
9543 
45140 
21323 
22059 
29719 
18977 
26465 
10418 
5790 
5072 
45584 
32203 
1690 
24150 
13821 
20638 
22843 
29084 
5067 
45369 
48414 
38911 
26637 
38072 
19953 
1206 
12216 
29495 
33538 
1554 
32888 
13256 
20530 
9353 
23674 
26320 
14424 
19257 
8522 
16113 
16801 
32672 
29933 
37438 
5514 
9017 
42505 
20213 
4385 
40918 
4972 
43295 
43043 
13248 
18760 
5258 
42743 
15106 
38796 
44296 
47994 
2052 
14826 
7346 
25725 
41146 
21769 
44982 
49667 
37882 
11782 
32339 
17815 
49219 
37852 
26831 
41724 
8065 
31216 
32641 
13036 
24511 
195 
6078 
37759 
18955 
11336 
30501 
34060 
132 
24797 
2184 
39622 
27908 
30767 
11167 
22889 
30434 
49049 
34671 
12773 
16863 
33890 
625 
43694 
25613 
8689 
24909 
8253 
21724 
49420 
8448 
27802 
37178 
27402 
39138 
17678 
11462 
39269 
42474 
43515 
41452 
32096 
32913 
19360 
44080 
42249 
43297 
43128 
6069 
9991 
10809 
6693 
3684 
36421 
15382 
28592 
44674 
37105 
28012 
3121 
14907 
15189 
30523 
4044 
32867 
41984 
43313 
25340 
35499 
34765 
18411 
4125 
20298 
12491 
46374 
13595 
5618 
23293 
19663 
15609 
34101 
26356 
19292 
20522 
41737 
47884 
15196 
28842 
25895 
18317 
43748 
41084 
48840 
47792 
23950 
40823 
41104 
49289 
26322 
25869 
6724 
44732 
29993 
27022 
7222 
26366 
40616 
12840 
49658 
10279 
28449 
33759 
36634 
47740 
4280 
28371 
19476 
7212 
21518 
37792 
960 
12601 
36631 
48751 
36550 
27454 
39855 
35839 
3775 
15723 
48507 
45715 
19585 
5729 
22080 
10200 
18569 
21738 
20479 
47017 
7112 
44757 
9776 
40379 
29251 
42694 
11897 
17043 
43653 
24498 
3674 
11047 
31128 
32258 
46886 
47981 
39448 
43695 
9032 
15775 
19232 
7707 
37513 
39710 
4723 
43008 
46822 
49479 
32304 
39858 
32035 
24998 
1755 
49078 
18651 
26252 
2752 
11054 
37299 
33879 
43312 
34184 
18781 
41292 
23632 
2190 
34986 
32663 
41328 
761 
38273 
41605 
3757 
31281 
38426 
3235 
34065 
20730 
43093 
16099 
45727 
44847 
15177 
14377 
21098 
17928 
25431 
1806 
18742 
42580 
20587 
10033 
16211 
22777 
45019 
14104 
45780 
768 
13138 
34053 
42373 
16894 
30798 
20128 
49398 
1528 
15497 
47255 
8068 
30673 
11632 
29166 
48601 
37062 
37561 
406 
5804 
20993 
15837 
46351 
43770 
10856 
45224 
7873 
6635 
45992 
21010 
40688 
38364 
37904 
6021 
19162 
8032 
5419 
20690 
21252 
20915 
17944 
29319 
1588 
29575 
8484 
188 
16637 
594 
22440 
26185 
21587 
38276 
22536 
15356 
49131 
17760 
23229 
5766 
13752 
44238 
46453 
2115 
32142 
21277 
40173 
7892 
41966 
11424 
28806 
9910 
40743 
30394 
39484 
49227 
30581 
6120 
45272 
31175 
28560 
21456 
2761 
16836 
43992 
18116 
15967 
11751 
41344 
21732 
25502 
35582 
18185 
27617 
17724 
20659 
48894 
7896 
40860 
7356 
769 
10062 
37749 
40253 
18330 
46373 
4560 
49505 
26016 
2266 
41768 
20007 
20381 
7734 
31758 
11725 
29466 
7259 
47307 
47651 
34876 
15030 
18309 
33769 
22926 
24629 
42245 
4214 
25397 
2307 
41963 
15650 
11595 
10292 
12022 
16154 
9797 
36954 
42170 
12062 
28721 
12176 
32443 
36455 
43934 
44168 
15920 
1193 
41474 
13570 
36068 
6504 
31878 
19837 
29430 
28736 
44465 
21674 
32949 
19862 
23981 
35511 
35575 
35203 
47533 
1729 
44999 
34487 
43898 
7060 
13207 
6074 
39503 
49661 
7 
33670 
15581 
1200 
25144 
29150 
37267 
31648 
11028 
7104 
11077 
39763 
32750 
22712 
21430 
6731 
42305 
32825 
4474 
44034 
27824 
38960 
37932 
34883 
2167 
44006 
24385 
1828 
44013 
8055 
17408 
45212 
33198 
46558 
32478 
14845 
7585 
39582 
25921 
47348 
41150 
8671 
20059 
12580 
15401 
17681 
7706 
506 
23994 
1740 
28329 
12954 
13212 
15120 
33676 
37597 
16948 
27688 
45651 
22900 
28848 
5378 
43692 
44959 
19613 
35845 
36109 
28283 
5904 
48688 
43684 
23585 
18209 
1389 
24090 
42203 
2418 
5156 
15630 
20276 
26475 
3226 
37223 
4163 
48876 
21578 
27062 
27723 
2490 
32439 
21415 
40987 
27397 
41027 
13505 
19310 
32735 
12193 
6319 
30402 
14382 
30408 
22604 
17510 
32826 
27760 
10308 
48455 
48036 
36782 
1680 
35259 
40944 
556 
6836 
18005 
28279 
9326 
444 
312 
27841 
40719 
27143 
41346 
10029 
9877 
3538 
16195 
33940 
37403 
46603 
6543 
4912 
29429 
34303 
15219 
27884 
32338 
2001 
29564 
17597 
42945 
30119 
24433 
8397 
33758 
11393 
8089 
34070 
39233 
48808 
11212 
30579 
8836 
21089 
34116 
31857 
37284 
18056 
19259 
33886 
24599 
24171 
13314 
8901 
39390 
41198 
41239 
41390 
20761 
8835 
34335 
879 
33267 
45284 
9275 
17025 
6677 
17364 
1094 
45910 
16172 
12306 
26488 
25008 
33394 
10604 
6864 
20678 
28659 
26123 
4563 
3257 
293 
17877 
12158 
39683 
9074 
29834 
12231 
15407 
30713 
45498 
10691 
39988 
12523 
17367 
7352 
13276 
23523 
25922 
39764 
48530 
9316 
367 
5394 
29026 
31517 
34556 
32282 
31810 
2433 
44440 
21492 
11506 
47836 
2564 
41340 
10067 
17971 
22052 
5564 
28661 
12039 
18087 
46027 
19390 
31703 
9303 
42913 
7625 
49067 
41443 
16940 
49433 
46837 
46933 
28458 
28353 
31489 
10740 
10163 
33921 
5179 
31655 
45426 
3015 
34219 
36766 
13081 
2189 
8817 
18645 
30849 
20856 
36731 
26876 
40246 
18433 
36179 
33158 
26057 
35245 
24601 
42997 
34678 
21437 
39929 
13135 
21417 
23875 
9953 
5338 
29054 
41607 
763 
32068 
25826 
37529 
45149 
28014 
46345 
13793 
17201 
523 
35739 
7446 
21918 
40604 
45011 
7162 
15204 
38007 
41839 
36641 
27936 
4974 
36430 
49353 
28849 
7903 
37989 
5453 
39971 
13814 
42981 
35119 
41828 
39326 
48911 
6526 
36429 
13972 
18387 
8346 
4576 
13398 
15508 
19780 
1405 
6420 
29340 
12320 
42850 
28692 
41169 
39232 
33382 
49071 
27220 
38834 
39041 
41033 
31815 
24159 
32861 
21140 
23070 
33550 
27666 
22502 
19979 
41638 
40889 
28324 
46213 
4287 
43831 
15993 
5691 
1177 
22412 
35030 
13497 
15262 
13722 
4665 
4493 
47103 
3735 
31713 
35937 
42776 
17751 
16935 
5606 
38891 
40004 
39155 
16556 
9134 
8194 
3394 
37457 
4407 
7680 
31287 
20399 
32464 
48400 
45960 
8072 
12122 
624 
12564 
9225 
4359 
44277 
45161 
47135 
17022 
12912 
14069 
22627 
1802 
4073 
18358 
16578 
26551 
19972 
8371 
39658 
1356 
41022 
22121 
44166 
39421 
18081 
2237 
1543 
18705 
14801 
10767 
23064 
9077 
5927 
20198 
26098 
18838 
34267 
48724 
20640 
38339 
10505 
38997 
4916 
31419 
15548 
24887 
39790 
2538 
29447 
47860 
43560 
1568 
42025 
32980 
19648 
44262 
34523 
38353 
9062 
45289 
11416 
18139 
1215 
31613 
44236 
20053 
42960 
40693 
4218 
3465 
29690 
9133 
34884 
45238 
34020 
24673 
41742 
36558 
5687 
31626 
25335 
25887 
47619 
13687 
34949 
42907 
25103 
3087 
44122 
6715 
47323 
14175 
22594 
40283 
26811 
35944 
28630 
19963 
3302 
21535 
7421 
36637 
13108 
42762 
49734 
38442 
18648 
2129 
3596 
40259 
27231 
6683 
34380 
33946 
4005 
48555 
6540 
3422 
33350 
38034 
37978 
19294 
16663 
17772 
39256 
19965 
39307 
45777 
27386 
442 
32413 
40493 
43203 
32147 
28935 
11851 
29498 
31063 
15447 
19756 
8294 
22130 
4136 
42240 
26134 
2690 
20421 
6111 
32129 
8455 
44089 
1422 
25118 
11860 
40678 
45082 
1166 
36454 
22467 
1608 
18867 
12960 
1013 
6661 
30510 
22957 
22108 
266 
31250 
44237 
4401 
23490 
20371 
7090 
22268 
40792 
13201 
4397 
49246 
7289 
5818 
24363 
19149 
19445 
20314 
41911 
21921 
1815 
4870 
16731 
2828 
23392 
19720 
45499 
970 
39735 
38004 
24459 
10106 
45094 
46727 
897 
1123 
142 
15583 
6940 
24505 
34731 
3435 
43949 
5045 
36383 
35860 
26965 
40730 
43696 
41025 
37493 
17087 
24362 
7213 
12586 
7965 
8182 
2321 
45968 
12426 
41061 
29368 
13322 
30490 
14937 
37430 
37968 
40865 
31917 
4711 
27248 
17776 
31676 
15445 
8505 
25371 
6470 
45998 
42458 
30832 
3210 
5044 
11392 
7364 
34763 
44032 
19789 
25823 
23400 
33111 
25177 
3889 
46574 
40113 
41319 
34542 
39779 
32183 
16458 
44490 
9431 
26165 
24875 
42738 
1536 
31345 
38736 
43993 
41945 
49036 
971 
3336 
6400 
35733 
47368 
26189 
11556 
20767 
9299 
36732 
24656 
5873 
26844 
15975 
40414 
16623 
48158 
6871 
11112 
7588 
41105 
37276 
32463 
33842 
13807 
22578 
32805 
25983 
14522 
31841 
17858 
38240 
12686 
15226 
14428 
24241 
35993 
23726 
10973 
10649 
29598 
37816 
26623 
20012 
4438 
24781 
15550 
32368 
2826 
14831 
1829 
28637 
24406 
24441 
4620 
38927 
6281 
31573 
6785 
44520 
44258 
22011 
8948 
18499 
8003 
32674 
29471 
18652 
12272 
45275 
32283 
21725 
20055 
9165 
37274 
2422 
27151 
40100 
17252 
28980 
31736 
45889 
3385 
6177 
508 
42312 
12457 
32080 
49096 
6977 
26338 
15925 
44837 
29109 
48598 
24307 
47761 
10869 
41594 
43035 
43152 
13318 
13089 
2316 
592 
15511 
29467 
40691 
32763 
8446 
22427 
28652 
11830 
28603 
29159 
4142 
41060 
11239 
3237 
37577 
24343 
13961 
3452 
12558 
1212 
23427 
48313 
44247 
11631 
7335 
18894 
12222 
22846 
48360 
2913 
5608 
6806 
34259 
18636 
3941 
13418 
45000 
24657 
26014 
43036 
12234 
356 
6996 
19554 
1365 
5020 
42980 
49678 
49266 
9558 
11308 
6601 
28451 
23530 
29446 
26442 
33617 
1780 
19313 
2252 
5721 
25029 
720 
7387 
1042 
43756 
19620 
752 
5206 
