2474 
35809 
4704 
48371 
49888 
40722 
15224 
26801 
45988 
47665 
12683 
44211 
43362 
1176 
37666 
1345 
6485 
13332 
10182 
16905 
13637 
5421 
32345 
34959 
39946 
27010 
43268 
22785 
17154 
14981 
30155 
19627 
790 
34859 
17998 
677 
25580 
33221 
27478 
21568 
30885 
40161 
15779 
24247 
41336 
3444 
25591 
47821 
16775 
35772 
14725 
30412 
41193 
47070 
15371 
31138 
24080 
8638 
3923 
41233 
23619 
34077 
10859 
24408 
18935 
28857 
25084 
44515 
12077 
2562 
16082 
42962 
42723 
31860 
17208 
34058 
35303 
42799 
31879 
2078 
28571 
46604 
32490 
19763 
43673 
47861 
901 
17752 
6499 
4823 
8985 
30117 
38900 
19843 
4524 
7835 
48700 
29608 
2349 
10776 
32170 
18431 
3738 
24892 
290 
20946 
8950 
35593 
13744 
40828 
37671 
42314 
37431 
20160 
12076 
31104 
18021 
12977 
48856 
24519 
17799 
7840 
4635 
6698 
27683 
9159 
14532 
26382 
38767 
16881 
37158 
20936 
35311 
40895 
45827 
35600 
11841 
4777 
21193 
25584 
45604 
8863 
17898 
33035 
29023 
29974 
14138 
47043 
42950 
12993 
21562 
10748 
20832 
26197 
17446 
48515 
35355 
31978 
24896 
24121 
48858 
12053 
45057 
34168 
2948 
40884 
19768 
14788 
45660 
40960 
40371 
41263 
49823 
8269 
24298 
28846 
38242 
38436 
25889 
31192 
1428 
47450 
41940 
22260 
23646 
9386 
20775 
9001 
41363 
45670 
33122 
40220 
7722 
28178 
24387 
10669 
19061 
44155 
25456 
14721 
35115 
15827 
5984 
34937 
24096 
30281 
13783 
12338 
18716 
39671 
43529 
20144 
37120 
35469 
42404 
10766 
44854 
13178 
19766 
36216 
8847 
2887 
26435 
16569 
31065 
822 
27238 
126 
44977 
2694 
14846 
30091 
18521 
20829 
15028 
42616 
1110 
28810 
4953 
19825 
18481 
48482 
39969 
5601 
33951 
32372 
16366 
28804 
45549 
36132 
15019 
4396 
39018 
41454 
20965 
20083 
42276 
48202 
20208 
37253 
895 
35054 
17343 
19415 
5883 
32371 
12030 
6992 
11181 
16983 
26816 
29661 
15465 
16784 
35261 
49415 
49156 
1626 
28219 
44705 
37758 
43238 
49100 
26776 
34692 
20064 
46858 
26967 
18265 
17066 
14220 
19160 
2119 
31562 
38574 
8001 
13933 
604 
14993 
25113 
17587 
41809 
4773 
33052 
8592 
40033 
32466 
7748 
41659 
10684 
2452 
29416 
3922 
1551 
6191 
38613 
21615 
3049 
15580 
39880 
20114 
29799 
9039 
22233 
11361 
47613 
30234 
25293 
48217 
45227 
405 
15803 
37035 
5177 
48854 
45626 
45210 
31320 
3374 
36869 
42004 
5825 
16285 
45925 
7376 
22476 
34537 
28990 
25524 
117 
18870 
45638 
29915 
27909 
17871 
41275 
25521 
48105 
16567 
23738 
43331 
16971 
39540 
30365 
22148 
38394 
25991 
17357 
19714 
29364 
4226 
11718 
35188 
20510 
7643 
42563 
42985 
42179 
21553 
18508 
42296 
40423 
14146 
22210 
18331 
32016 
13484 
43852 
30121 
30051 
17589 
23451 
47021 
7129 
3815 
19169 
45522 
29805 
36526 
15236 
9168 
40751 
26953 
44356 
11260 
34595 
36918 
4245 
26774 
8471 
22753 
19069 
48893 
36898 
41279 
17223 
18914 
4762 
11075 
49034 
34812 
28663 
22484 
31833 
35791 
26299 
1002 
31313 
6103 
37527 
46549 
15271 
28278 
23502 
9626 
39538 
8097 
46544 
43782 
34870 
5015 
16535 
3939 
3907 
3432 
45218 
21130 
22346 
49979 
32204 
21379 
34791 
10867 
43863 
16624 
46658 
20162 
17626 
27970 
26264 
5152 
41535 
33430 
48020 
1161 
22967 
6116 
47704 
16749 
40986 
2719 
33283 
44924 
6625 
36715 
40141 
27755 
9060 
40120 
9959 
30439 
24911 
20826 
24302 
17483 
44463 
9160 
45452 
20727 
14312 
19970 
12261 
47741 
17990 
13421 
20707 
24105 
11125 
37456 
15090
