2474 
35809 
4704 
48371 
49888 
40722 
15224 
26801 
45988 
47665 
12683 
44211 
43362 
1176 
37666 
1345 
6485 
13332 
10182 
16905 
13637 
5421 
32345 
34959 
39946 
27010 
43268 
22785 
17154 
14981 
30155 
19627 
790 
34859 
17998 
677 
25580 
33221 
27478 
21568 
30885 
40161 
15779 
24247 
41336 
3444 
25591 
47821 
16775 
35772 
14725 
30412 
41193 
47070 
15371 
31138 
24080 
8638 
3923 
41233 
23619 
34077 
10859 
24408 
18935 
28857 
25084 
44515 
12077 
2562 
16082 
42962 
42723 
31860 
17208 
34058 
35303 
42799 
31879 
2078 
28571 
46604 
32490 
19763 
43673 
47861 
901 
17752 
6499 
4823 
8985 
30117 
38900 
19843 
4524 
7835 
48700 
29608 
2349 
10776 
32170 
18431 
3738 
24892 
290 
20946 
8950 
35593 
13744 
40828 
37671 
42314 
37431 
20160 
12076 
31104 
18021 
12977 
48856 
24519 
17799 
7840 
4635 
6698 
27683 
9159 
14532 
26382 
38767 
16881 
37158 
20936 
35311 
40895 
45827 
35600 
11841 
4777 
21193 
25584 
45604 
8863 
17898 
33035 
29023 
29974 
14138 
47043 
42950 
12993 
21562 
10748 
20832 
26197 
17446 
48515 
35355 
31978 
24896 
24121 
48858 
12053 
45057 
34168 
2948 
40884 
19768 
14788 
45660 
40960 
40371 
41263 
49823 
8269 
24298 
28846 
38242 
38436 
25889 
31192 
1428 
47450 
41940 
22260 
23646 
9386 
20775 
9001 
41363 
45670 
33122 
40220 
7722 
28178 
24387 
10669 
19061 
44155 
25456 
14721 
35115 
15827 
5984 
34937 
24096 
30281 
13783 
12338 
18716 
39671 
43529 
20144 
37120 
35469 
42404 
10766 
44854 
13178 
19766 
36216 
8847 
2887 
26435 
16569 
31065 
822 
27238 
126 
44977 
2694 
14846 
30091 
18521 
20829 
15028 
42616 
1110 
28810 
4953 
19825 
18481 
48482 
39969 
5601 
33951 
32372 
16366 
28804 
45549 
36132 
15019 
4396 
39018 
41454 
20965 
20083 
42276 
48202 
20208 
37253 
895 
35054 
17343 
19415 
5883 
32371 
12030 
6992 
11181 
16983 
26816 
29661 
15465 
16784 
35261 
49415 
49156 
1626 
28219 
44705 
37758 
43238 
49100 
26776 
34692 
20064 
46858 
26967 
18265 
17066 
14220 
19160 
2119 
31562 
38574 
8001 
13933 
604 
14993 
25113 
17587 
41809 
4773 
33052 
8592 
40033 
32466 
7748 
41659 
10684 
2452 
29416 
3922 
1551 
6191 
38613 
21615 
3049 
15580 
39880 
20114 
29799 
9039 
22233 
11361 
47613 
30234 
25293 
48217 
45227 
405 
15803 
37035 
5177 
48854 
45626 
45210 
31320 
3374 
36869 
42004 
5825 
16285 
45925 
7376 
22476 
34537 
28990 
25524 
117 
18870 
45638 
29915 
27909 
17871 
41275 
25521 
48105 
16567 
23738 
43331 
16971 
39540 
30365 
22148 
38394 
25991 
17357 
19714 
29364 
4226 
11718 
35188 
20510 
7643 
42563 
42985 
42179 
21553 
18508 
42296 
40423 
14146 
22210 
18331 
32016 
13484 
43852 
30121 
30051 
17589 
23451 
47021 
7129 
3815 
19169 
45522 
29805 
36526 
15236 
9168 
40751 
26953 
44356 
11260 
34595 
36918 
4245 
26774 
8471 
22753 
19069 
48893 
36898 
41279 
17223 
18914 
4762 
11075 
49034 
34812 
28663 
22484 
31833 
35791 
26299 
1002 
31313 
6103 
37527 
46549 
15271 
28278 
23502 
9626 
39538 
8097 
46544 
43782 
34870 
5015 
16535 
3939 
3907 
3432 
45218 
21130 
22346 
49979 
32204 
21379 
34791 
10867 
43863 
16624 
46658 
20162 
17626 
27970 
26264 
5152 
41535 
33430 
48020 
1161 
22967 
6116 
47704 
16749 
40986 
2719 
33283 
44924 
6625 
36715 
40141 
27755 
9060 
40120 
9959 
30439 
24911 
20826 
24302 
17483 
44463 
9160 
45452 
20727 
14312 
19970 
12261 
47741 
17990 
13421 
20707 
24105 
11125 
37456 
15090 
13843 
20738 
10014 
20468 
7452 
155 
48222 
16512 
40275 
8181 
46950 
15185 
29006 
21251 
6720 
46488 
15713 
15879 
36439 
30190 
11910 
27930 
29899 
12120 
48637 
4003 
23245 
36092 
19093 
37087 
6830 
29106 
7554 
14281 
29260 
5776 
30792 
19534 
13956 
27742 
34719 
42961 
48993 
41438 
39449 
14705 
7316 
31388 
1144 
37506 
43298 
49844 
15436 
23196 
11963 
14072 
27199 
35208 
164 
46291 
22294 
6994 
25396 
29847 
21275 
4656 
35623 
2067 
24190 
49578 
29808 
8908 
42539 
28800 
346 
31987 
43505 
7662 
13375 
44649 
45167 
6672 
44492 
10603 
29868 
6455 
24675 
7067 
41662 
24838 
3357 
13955 
31832 
28753 
43802 
3106 
33409 
29424 
5172 
7598 
29002 
34979 
16506 
21540 
13779 
16852 
3527 
7283 
24513 
16902 
1931 
19680 
23573 
46423 
30282 
3441 
2877 
4956 
10508 
44538 
29794 
13865 
8493 
11625 
42618 
2295 
14730 
26026 
31718 
19902 
33624 
10720 
4881 
130 
32259 
18659 
16981 
35786 
25941 
41493 
2687 
27872 
11173 
26260 
24295 
29700 
27171 
46409 
40207 
21709 
26203 
4072 
30202 
37827 
46689 
32496 
2557 
22714 
14214 
22459 
6338 
24933 
27339 
6467 
7192 
45997 
23448 
42977 
21938 
14940 
45663 
49810 
26113 
21922 
24104 
17566 
1622 
1274 
13975 
41829 
22983 
40177 
45900 
3184 
28004 
42588 
35679 
30561 
15302 
49893 
3019 
21639 
24825 
30358 
28106 
26354 
1553 
24993 
48292 
16493 
20655 
48101 
42605 
42577 
22205 
10171 
44199 
23478 
24145 
36027 
46461 
14322 
31927 
49644 
42326 
24515 
35323 
22887 
39817 
35215 
25906 
11456 
10039 
6263 
39561 
42055 
32617 
41114 
17047 
30908 
7607 
37702 
29009 
211 
30279 
1213 
10382 
24477 
24691 
34527 
10504 
21151 
48849 
42431 
20795 
41174 
16945 
6117 
14061 
6761 
41332 
39966 
18217 
1371 
46229 
7777 
43425 
28845 
48891 
10472 
9753 
6497 
48174 
38761 
6707 
28453 
39973 
17089 
2929 
14663 
1615 
13433 
35814 
463 
5863 
6608 
41637 
22808 
12724 
5697 
29569 
4056 
47785 
5426 
41892 
5562 
48850 
20736 
4452 
9322 
30488 
10948 
7496 
19248 
17655 
35948 
9221 
34743 
38877 
23883 
36358 
2309 
9696 
36820 
8172 
16303 
28456 
30979 
29027 
34153 
10548 
33082 
29816 
8333 
38508 
21707 
13894 
37357 
42442 
18346 
46679 
22930 
29293 
4174 
42178 
46948 
40122 
1398 
31691 
28998 
25280 
18048 
31306 
34976 
4867 
39478 
1279 
33323 
20456 
30306 
17476 
31004 
13388 
47291 
39336 
1895 
18997 
3230 
39252 
11439 
21575 
35930 
34368 
868 
40104 
26545 
47816 
30225 
27943 
29506 
9223 
3222 
47553 
40528 
38198 
2420 
30006 
39476 
35743 
461 
19781 
3218 
31465 
33168 
509 
20801 
35063 
19505 
24030 
24314 
30944 
10244 
15312 
46472 
348 
41857 
44287 
30573 
19799 
23792 
39795 
23021 
21345 
30323 
11218 
23765 
10328 
693 
9507 
10789 
20474 
12725 
42253 
3642 
13233 
13053 
38704 
32738 
37083 
13018 
13681 
32686 
23261 
28993 
29158 
23609 
20849 
23444 
4181 
40647 
47235 
43975 
13667 
18580 
24297 
24884 
42344 
34624 
25577 
1851 
45413 
46051 
14575 
37665 
49693 
27808 
718 
38396 
10545 
37800 
1414 
24226 
20486 
49643 
48283 
24067 
23086 
2463 
14713 
20321 
46437 
28380 
20734 
3263 
31244 
5358 
28840 
33094 
770 
24891 
47668 
38435 
24583 
25476 
39153 
12979 
36020 
14392 
10246 
47438 
39066 
13464 
47081 
37349 
37530 
20167 
39811 
2242 
40488 
36248 
30622 
29388 
6982 
33885 
10631 
12339 
43724 
13109 
37614 
41392 
1544 
12197 
16867 
40696 
25175 
17649 
39567 
13133 
15087 
28632 
26596 
12167 
15981 
14126 
32334 
5791 
16368 
22821 
42039 
46989 
2208 
49020 
30873 
12838 
11359 
43596 
6562 
24468 
31210 
47954 
26011 
43406 
14820 
16707 
18581 
17707 
34355 
8147 
30839 
49441 
36779 
7435 
11608 
2759 
21560 
43941 
8550 
37927 
16762 
588 
34916 
18970 
49608 
15788 
31808 
10967 
9383 
38369 
35434 
40593 
36322 
11444 
33999 
1142 
28151 
2580 
18849 
12505 
10726 
49688 
11946 
47505 
7123 
23553 
263 
28682 
17494 
8813 
16609 
34256 
9401 
1524 
3225 
9008 
17312 
35033 
19975 
26695 
23401 
5408 
17287 
9723 
16851 
1286 
10865 
45002 
3865 
29713 
7506 
14591 
29401 
19452 
12095 
36523 
43005 
12358 
15205 
10499 
21171 
31814 
44754 
30571 
33338 
47979 
39579 
649 
33011 
9553 
27343 
6412 
14960 
44630 
16134 
31811 
45915 
26999 
26812 
49780 
6711 
34318 
14371 
36112 
3769 
26466 
22634 
46774 
38824 
37838 
7272 
9994 
19651 
2025 
40564 
2989 
3 
30143 
3637 
33014 
39695 
39425 
4655 
25609 
5558 
36466 
21524 
32556 
13277 
21303 
39267 
47595 
35674 
25378 
1364 
12139 
48012 
48137 
963 
35849 
10956 
5500 
7433 
1520 
8488 
7436 
31662 
12124 
40449 
21357 
43103 
29873 
18711 
35431 
12476 
40234 
17987 
25753 
11537 
7253 
23347 
47211 
32631 
24711 
9350 
30642 
22848 
10312 
16491 
28255 
21267 
21990 
35688 
22786 
30478 
43123 
4448 
42602 
33571 
25804 
35704 
13443 
1814 
4415 
48874 
14290 
16860 
40042 
6185 
24112 
13389 
3396 
6743 
38099 
12745 
37385 
10946 
23056 
3875 
39201 
44323 
25865 
24888 
17108 
6342 
18011 
21555 
48943 
1581 
47359 
34647 
15024 
49172 
39061 
13897 
13461 
33710 
30756 
3503 
39894 
4868 
16891 
43290 
11610 
4990 
6034 
48994 
15936 
29089 
2869 
5136 
23411 
28733 
30024 
40519 
35074 
48034 
12074 
34017 
49615 
9432 
18663 
14638 
8604 
7724 
28535 
22065 
41433 
9290 
25567 
31327 
14158 
42457 
24616 
25767 
47447 
30649 
24761 
13382 
9738 
27629 
18518 
33149 
6362 
48541 
23667 
41435 
46575 
35741 
25451 
46189 
45173 
44114 
10827 
3776 
1837 
39361 
25840 
43270 
48651 
1406 
24596 
12808 
49212 
38575 
41309 
29861 
13336 
4690 
39598 
40965 
23207 
22746 
47326 
21748 
46413 
18323 
32154 
14212 
14512 
27326 
8325 
25339 
31101 
10162 
14699 
6941 
3431 
13350 
8347 
28027 
26157 
2209 
14731 
43518 
7098 
28067 
48207 
46696 
19031 
21414 
19442 
16356 
43162 
15855 
5116 
11485 
48008 
19327 
25996 
25333 
27652 
1334 
6434 
37813 
16033 
41244 
29383 
21721 
19271 
5539 
23929 
46508 
20270 
3606 
48336 
15653 
302 
17366 
37067 
19743 
33722 
30229 
35597 
38838 
41713 
33604 
8164 
17709 
8937 
35816 
19043 
23628 
35076 
28745 
14872 
14458 
465 
34142 
19997 
24394 
30650 
40266 
41840 
38602 
7492 
34557 
5968 
44559 
4299 
39689 
24787 
39895 
28526 
16500 
23499 
36690 
34209 
32436 
22505 
3251 
47806 
46133 
38327 
26550 
11004 
2784 
27015 
45146 
22780 
1408 
25795 
13046 
43247 
10050 
1647 
739 
44607 
7614 
45298 
48905 
47302 
20085 
38800 
25828 
36584 
12299 
12517 
20792 
44734 
35021 
24043 
42540 
31153 
12369 
19090 
42157 
15153 
46104 
37302 
37933 
47512 
13097 
978 
40759 
23147 
2624 
41497 
17753 
10238 
36794 
16658 
7539 
6879 
5457 
33367 
43462 
17756 
45883 
14254 
12489 
30904 
38297 
5028 
12057 
666 
24118 
4213 
15818 
20221 
41515 
3750 
17733 
4612 
4727 
8491 
27758 
7351 
49987 
45511 
17588 
36781 
12168 
25127 
43659 
17625 
37121 
35380 
4376 
1375 
47868 
35280 
2896 
47336 
40336 
27013 
1549 
6154 
47234 
43063 
9904 
14966 
47675 
14631 
23456 
25432 
21981 
23443 
20942 
39569 
10224 
33110 
14696 
3883 
734 
23189 
41004 
36114 
27564 
42378 
33981 
12843 
32048 
36877 
10179 
22384 
13890 
11727 
28538 
11124 
4790 
38441 
26089 
2464 
3071 
49545 
27896 
25051 
22988 
48838 
14620 
33211 
31947 
29315 
37094 
32681 
2503 
28097 
18794 
30067 
2775 
42910 
2522 
39652 
3088 
24906 
3541 
14814 
3443 
14664 
19604 
41883 
40753 
22067 
44953 
40298 
49962 
20004 
13285 
48799 
46495 
30746 
13938 
33588 
13426 
16441 
11685 
32219 
46507 
32158 
34993 
39416 
34680 
24644 
42503 
9585 
28185 
7317 
13027 
42849 
26920 
4910 
33602 
48986 
49863 
23899 
48948 
19867 
37183 
47747 
4490 
33678 
28492 
18428 
17266 
41918 
34868 
28950 
24137 
31374 
11108 
9130 
20790 
45787 
33774 
13292 
5371 
11958 
20609 
18398 
4807 
47528 
23308 
38408 
46514 
23170 
12307 
45461 
43037 
49489 
43208 
47527 
33167 
21699 
15954 
432 
13617 
29382 
37753 
32195 
40489 
46882 
2985 
36275 
30655 
16276 
41646 
42613 
36884 
10044 
47420 
34412 
33351 
35827 
30925 
6521 
48133 
26385 
49557 
47622 
19592 
47083 
30788 
41291 
13037 
31220 
4908 
13858 
10601 
42660 
46053 
1089 
39542 
49037 
37364 
20196 
15313 
12809 
2197 
39052 
10228 
36608 
22403 
46055 
17532 
28923 
44188 
43917 
28480 
41810 
13509 
25563 
22598 
4800 
38599 
3817 
9707 
2456 
14418 
2366 
48509 
15506 
41908 
47545 
2870 
12104 
12857 
24912 
15053 
20930 
35140 
1661 
43333 
31195 
19192 
22255 
25382 
17192 
26618 
26296 
39789 
31417 
14895 
43605 
41124 
17351 
8022 
43490 
15859 
23528 
35397 
13403 
26397 
47500 
8275 
22411 
41313 
29205 
7551 
42973 
22537 
38745 
12165 
44792 
14127 
25274 
45526 
31318 
1891 
21822 
21106 
33308 
36716 
14711 
24431 
4066 
22732 
17920 
19925 
46260 
3316 
33327 
22657 
815 
9587 
30931 
23226 
899 
10136 
30777 
43872 
32673 
19521 
6036 
27465 
33648 
31310 
22990 
14965 
33200 
44811 
36070 
16507 
31527 
780 
40937 
23512 
8857 
5517 
19771 
12172 
38843 
42427 
12987 
48430 
23358 
36213 
49328 
33494 
16989 
43200 
16167 
36510 
49236 
43631 
20157 
30545 
16620 
35122 
11431 
21191 
30251 
42958 
21971 
21187 
28550 
45483 
30043 
34066 
15254 
42215 
22909 
7681 
5202 
21338 
31039 
41415 
20666 
8404 
30698 
44913 
13101 
24328 
15070 
43645 
40948 
191 
7389 
2379 
21382 
37639 
45336 
43353 
8825 
23885 
38835 
38868 
7950 
4089 
31083 
30859 
11769 
36284 
2196 
42807 
27699 
22861 
7338 
36102 
36726 
38036 
31015 
49826 
12364 
46084 
43471 
3312 
46275 
859 
5690 
17657 
38497 
1025 
11009 
47322 
24910 
36190 
32860 
3933 
17272 
13718 
15701 
3556 
15913 
8507 
31254 
38774 
15845 
17355 
25500 
3881 
48369 
25326 
16244 
44453 
18796 
19555 
40728 
19655 
25245 
8384 
8151 
26270 
19393 
5472 
1179 
19237 
34039 
23169 
8933 
47756 
38869 
13669 
47376 
43743 
2442 
13221 
11098 
27942 
17101 
9467 
3268 
33344 
3919 
22063 
2899 
44646 
41717 
28143 
3030 
49868 
4412 
22422 
5340 
5591 
47001 
39629 
14827 
5934 
37384 
3696 
18422 
1052 
1071 
12164 
3494 
14291 
23262 
31436 
31391 
32728 
34703 
14735 
36646 
6766 
17633 
31292 
48483 
45775 
34321 
48350 
187 
3689 
5777 
48401 
690 
45405 
13228 
6623 
32789 
16923 
25045 
33841 
17994 
37208 
37334 
32285 
10469 
18770 
13676 
43197 
3472 
28410 
29842 
46042 
11134 
8720 
41817 
45454 
7069 
10758 
47780 
597 
11447 
43185 
13825 
18070 
25973 
30747 
43114 
9814 
48740 
30322 
47147 
31025 
40791 
15917 
44700 
33987 
19388 
23109 
13828 
29625 
19151 
24962 
38345 
10968 
20416 
2971 
22612 
6171 
750 
23209 
17618 
43935 
37033 
35687 
19908 
17779 
29721 
16519 
9121 
26868 
47543 
49911 
42784 
42243 
33898 
15351 
47726 
41797 
34502 
22687 
30141 
45469 
43102 
25554 
48439 
31724 
49189 
38922 
49342 
25954 
35028 
13031 
43733 
42751 
10252 
22949 
19618 
7795 
22860 
12401 
37 
6757 
24573 
15388 
4482 
16369 
49889 
27168 
46510 
45357 
43796 
35982 
3787 
42984 
24904 
3128 
36107 
857 
38156 
49138 
44590 
1984 
41888 
4841 
24932 
11505 
12636 
47791 
23906 
12672 
4547 
48479 
28059 
9029 
14847 
27947 
36196 
11356 
23304 
6466 
33419 
17099 
42447 
37206 
10083 
17350 
40333 
46190 
18207 
28489 
45327 
12796 
30472 
37215 
17637 
5403 
48720 
30272 
3194 
22625 
42944 
7740 
21104 
21002 
16769 
35950 
48949 
2965 
47306 
22252 
9430 
30725 
39351 
1877 
17930 
49434 
19227 
8263 
45623 
37433 
36751 
40950 
229 
28164 
17866 
22626 
26883 
25819 
49508 
41080 
33559 
20611 
12082 
327 
6561 
11031 
3291 
3867 
12720 
34591 
22633 
14596 
2521 
33822 
10783 
17690 
21255 
47534 
8639 
21484 
14756 
36803 
39349 
37381 
13686 
37486 
13200 
13194 
28566 
46758 
33805 
47084 
40365 
1677 
375 
44232 
34960 
13095 
28823 
7592 
27690 
31343 
29658 
11512 
42126 
47347 
32767 
39659 
5986 
4250 
42789 
43598 
41795 
6474 
4994 
19667 
9648 
1752 
3471 
295 
48835 
43836 
1972 
49210 
38067 
36931 
12304 
16889 
44523 
39994 
48232 
24181 
1506 
40357 
21528 
34272 
30015 
27514 
38522 
34429 
20302 
32119 
26224 
26775 
13202 
31218 
46441 
22850 
32969 
49912 
23145 
31804 
43747 
25117 
31013 
12047 
43316 
48703 
6570 
33309 
46934 
30750 
34814 
37291 
2278 
19086 
17306 
29791 
1734 
92 
39726 
27958 
26867 
2928 
9175 
25777 
42144 
23219 
48922 
23947 
16966 
24038 
4960 
48779 
36085 
48275 
47481 
42654 
31584 
44415 
23404 
16398 
31705 
25681 
35483 
49010 
5471 
43090 
744 
5563 
32815 
28702 
32429 
35742 
37877 
5736 
11519 
30020 
28954 
10440 
3967 
45920 
34478 
8926 
44698 
20562 
7201 
13215 
38785 
36593 
36618 
5182 
18298 
12298 
40665 
17308 
17769 
33755 
18051 
23331 
46753 
5760 
2311 
34629 
11495 
13829 
14648 
24269 
18615 
36368 
8746 
27540 
31066 
29307 
34741 
23244 
42522 
23525 
9837 
29139 
28707 
28134 
41437 
19371 
45442 
9206 
3125 
13492 
32536 
19694 
10245 
38296 
22004 
44873 
49790 
35833 
9521 
40238 
10101 
28135 
26606 
18847 
5675 
7671 
48154 
40415 
30914 
40675 
13939 
19814 
42646 
18885 
11251 
12016 
14326 
15141 
27817 
2992 
34835 
38062 
41287 
6838 
32934 
41077 
42671 
42454 
31315 
2771 
20589 
7920 
21618 
26263 
15591 
19772 
16678 
46505 
10446 
30617 
37255 
30260 
6139 
41511 
35278 
20464 
11967 
418 
48281 
14959 
35252 
36342 
6245 
42090 
19275 
34760 
11729 
28636 
37531 
32317 
36556 
9149 
8580 
2146 
28920 
25257 
48650 
39366 
5874 
35904 
19625 
29135 
42042 
11136 
14412 
23102 
14830 
10786 
38060 
82 
47127 
44305 
42171 
16402 
41626 
26931 
28130 
20262 
14462 
10447 
6817 
23610 
19026 
8962 
2529 
44283 
7611 
41894 
156 
43514 
29291 
35556 
22655 
43702 
48061 
45756 
8532 
8846 
33816 
8613 
5973 
28121 
784 
22374 
19747 
27715 
504 
40008 
42176 
10950 
46824 
15786 
29976 
5785 
18314 
24259 
13396 
10208 
24415 
6910 
21727 
