2474 
35809 
4704 
48371 
49888 
40722 
15224 
26801 
45988 
47665 
12683 
44211 
43362 
1176 
37666 
1345 
6485 
13332 
10182 
16905 
13637 
5421 
32345 
34959 
39946 
27010 
43268 
22785 
17154 
14981 
30155 
19627 
790 
34859 
17998 
677 
25580 
33221 
27478 
21568 
30885 
40161 
15779 
24247 
41336 
3444 
25591 
47821 
16775 
35772 
14725 
30412 
41193 
47070 
15371 
31138 
24080 
8638 
3923 
41233 
23619 
34077 
10859 
24408 
18935 
28857 
25084 
44515 
12077 
2562 
16082 
42962 
42723 
31860 
17208 
34058 
35303 
42799 
31879 
2078 
28571 
46604 
32490 
19763 
43673 
47861 
901 
17752 
6499 
4823 
8985 
30117 
38900 
19843 
4524 
7835 
48700 
29608 
2349 
10776 
32170 
18431 
3738 
24892 
290 
20946 
8950 
35593 
13744 
40828 
37671 
42314 
37431 
20160 
12076 
31104 
18021 
12977 
48856 
24519 
17799 
7840 
4635 
6698 
27683 
9159 
14532 
26382 
38767 
16881 
37158 
20936 
35311 
40895 
45827 
35600 
11841 
4777 
21193 
25584 
45604 
8863 
17898 
33035 
29023 
29974 
14138 
47043 
42950 
12993 
21562 
10748 
20832 
26197 
17446 
48515 
35355 
31978 
24896 
24121 
48858 
12053 
45057 
34168 
2948 
40884 
19768 
14788 
45660 
40960 
40371 
41263 
49823 
8269 
24298 
28846 
38242 
38436 
25889 
31192 
1428 
47450 
41940 
22260 
23646 
9386 
20775 
9001 
41363 
45670 
33122 
40220 
7722 
28178 
24387 
10669 
19061 
44155 
25456 
14721 
35115 
15827 
5984 
34937 
24096 
30281 
13783 
12338 
18716 
39671 
43529 
20144 
37120 
35469 
42404 
10766 
44854 
13178 
19766 
36216 
8847 
2887 
26435 
16569 
31065 
822 
27238 
126 
44977 
2694 
14846 
30091 
18521 
20829 
15028 
42616 
1110 
28810 
4953 
19825 
18481 
48482 
39969 
5601 
33951 
32372 
16366 
28804 
45549 
36132 
15019 
4396 
39018 
41454 
20965 
20083 
42276 
48202 
20208 
37253 
895 
35054 
17343 
19415 
5883 
32371 
12030 
6992 
11181 
16983 
26816 
29661 
15465 
16784 
35261 
49415 
49156 
1626 
28219 
44705 
37758 
43238 
49100 
26776 
34692 
20064 
46858 
26967 
18265 
17066 
14220 
19160 
2119 
31562 
38574 
8001 
13933 
604 
14993 
25113 
17587 
41809 
4773 
33052 
8592 
40033 
32466 
7748 
41659 
10684 
2452 
29416 
3922 
1551 
6191 
38613 
21615 
3049 
15580 
39880 
20114 
29799 
9039 
22233 
11361 
47613 
30234 
25293 
48217 
45227 
405 
15803 
37035 
5177 
48854 
45626 
45210 
31320 
3374 
36869 
42004 
5825 
16285 
45925 
7376 
22476 
34537 
28990 
25524 
117 
18870 
45638 
29915 
27909 
17871 
41275 
25521 
48105 
16567 
23738 
43331 
16971 
39540 
30365 
22148 
38394 
25991 
17357 
19714 
29364 
4226 
11718 
35188 
20510 
7643 
42563 
42985 
42179 
21553 
18508 
42296 
40423 
14146 
22210 
18331 
32016 
13484 
43852 
30121 
30051 
17589 
23451 
47021 
7129 
3815 
19169 
45522 
29805 
36526 
15236 
9168 
40751 
26953 
44356 
11260 
34595 
36918 
4245 
26774 
8471 
22753 
19069 
48893 
36898 
41279 
17223 
18914 
4762 
11075 
49034 
34812 
28663 
22484 
31833 
35791 
26299 
1002 
31313 
6103 
37527 
46549 
15271 
28278 
23502 
9626 
39538 
8097 
46544 
43782 
34870 
5015 
16535 
3939 
3907 
3432 
45218 
21130 
22346 
49979 
32204 
21379 
34791 
10867 
43863 
16624 
46658 
20162 
17626 
27970 
26264 
5152 
41535 
33430 
48020 
1161 
22967 
6116 
47704 
16749 
40986 
2719 
33283 
44924 
6625 
36715 
40141 
27755 
9060 
40120 
9959 
30439 
24911 
20826 
24302 
17483 
44463 
9160 
45452 
20727 
14312 
19970 
12261 
47741 
17990 
13421 
20707 
24105 
11125 
37456 
15090 
13843 
20738 
10014 
20468 
7452 
155 
48222 
16512 
40275 
8181 
46950 
15185 
29006 
21251 
6720 
46488 
15713 
15879 
36439 
30190 
11910 
27930 
29899 
12120 
48637 
4003 
23245 
36092 
19093 
37087 
6830 
29106 
7554 
14281 
29260 
5776 
30792 
19534 
13956 
27742 
34719 
42961 
48993 
41438 
39449 
14705 
7316 
31388 
1144 
37506 
43298 
49844 
15436 
23196 
11963 
14072 
27199 
35208 
164 
46291 
22294 
6994 
25396 
29847 
21275 
4656 
35623 
2067 
24190 
49578 
29808 
8908 
42539 
28800 
346 
31987 
43505 
7662 
13375 
44649 
45167 
6672 
44492 
10603 
29868 
6455 
24675 
7067 
41662 
24838 
3357 
13955 
31832 
28753 
43802 
3106 
33409 
29424 
5172 
7598 
29002 
34979 
16506 
21540 
13779 
16852 
3527 
7283 
24513 
16902 
1931 
19680 
23573 
46423 
30282 
3441 
2877 
4956 
10508 
44538 
29794 
13865 
8493 
11625 
42618 
2295 
14730 
26026 
31718 
19902 
33624 
10720 
4881 
130 
32259 
18659 
16981 
35786 
25941 
41493 
2687 
27872 
11173 
26260 
24295 
29700 
27171 
46409 
40207 
21709 
26203 
4072 
30202 
37827 
46689 
32496 
2557 
22714 
14214 
22459 
6338 
24933 
27339 
6467 
7192 
45997 
23448 
42977 
21938 
14940 
45663 
49810 
26113 
21922 
24104 
17566 
1622 
1274 
13975 
41829 
22983 
40177 
45900 
3184 
28004 
42588 
35679 
30561 
15302 
49893 
3019 
21639 
24825 
30358 
28106 
26354 
1553 
24993 
48292 
16493 
20655 
48101 
42605 
42577 
22205 
10171 
44199 
23478 
24145 
36027 
46461 
14322 
31927 
49644 
42326 
24515 
35323 
22887 
39817 
35215 
25906 
11456 
10039 
6263 
39561 
42055 
32617 
41114 
17047 
30908 
7607 
37702 
29009 
211 
30279 
1213 
10382 
24477 
24691 
34527 
10504 
21151 
48849 
42431 
20795 
41174 
16945 
6117 
14061 
6761 
41332 
39966 
18217 
1371 
46229 
7777 
43425 
28845 
48891 
10472 
9753 
6497 
48174 
38761 
6707 
28453 
39973 
17089 
2929 
14663 
1615 
13433 
35814 
463 
5863 
6608 
41637 
22808 
12724 
5697 
29569 
4056 
47785 
5426 
41892 
5562 
48850 
20736 
4452 
9322 
30488 
10948 
7496 
19248 
17655 
35948 
9221 
34743 
38877 
23883 
36358 
2309 
9696 
36820 
8172 
16303 
28456 
30979 
29027 
34153 
10548 
33082 
29816 
8333 
38508 
21707 
13894 
37357 
42442 
18346 
46679 
22930 
29293 
4174 
42178 
46948 
40122 
1398 
31691 
28998 
25280 
18048 
31306 
34976 
4867 
39478 
1279 
33323 
20456 
30306 
17476 
31004 
13388 
47291 
39336 
1895 
18997 
3230 
39252 
11439 
21575 
35930 
34368 
868 
40104 
26545 
47816 
30225 
27943 
29506 
9223 
3222 
47553 
40528 
38198 
2420 
30006 
39476 
35743 
461 
19781 
3218 
31465 
33168 
509 
20801 
35063 
19505 
24030 
24314 
30944 
10244 
15312 
46472 
348 
41857 
44287 
30573 
19799 
23792 
39795 
23021 
21345 
30323 
11218 
23765 
10328 
693 
9507 
10789 
20474 
12725 
42253 
3642 
13233 
13053 
38704 
32738 
37083 
13018 
13681 
32686 
23261 
28993 
29158 
23609 
20849 
23444 
4181 
40647 
47235 
43975 
13667 
18580 
24297 
24884 
42344 
34624 
25577 
1851 
45413 
46051 
14575 
37665 
49693 
27808 
718 
38396 
10545 
37800 
1414 
24226 
20486 
49643 
48283 
24067 
23086 
2463 
14713 
20321 
46437 
28380 
20734 
3263 
31244 
5358 
28840 
33094 
770 
24891 
47668 
38435 
24583 
25476 
39153 
12979 
36020 
14392 
10246 
47438 
39066 
13464 
47081 
37349 
37530 
20167 
39811 
2242 
40488 
36248 
30622 
29388 
6982 
33885 
10631 
12339 
43724 
13109 
37614 
41392 
1544 
12197 
16867 
40696 
25175 
17649 
39567 
13133 
15087 
28632 
26596 
12167 
15981 
14126 
32334 
5791 
16368 
22821 
42039 
46989 
2208 
49020 
30873 
12838 
11359 
43596 
6562 
24468 
31210 
47954 
26011 
43406 
14820 
16707 
18581 
17707 
34355 
8147 
30839 
49441 
36779 
7435 
11608 
2759 
21560 
43941 
8550 
37927 
16762 
588 
34916 
18970 
49608 
15788 
31808 
10967 
9383 
38369 
35434 
40593 
36322 
11444 
33999 
1142 
28151 
2580 
18849 
12505 
10726 
49688 
11946 
47505 
7123 
23553 
263 
28682 
17494 
8813 
16609 
34256 
9401 
1524 
3225 
9008 
17312 
35033 
19975 
26695 
23401 
5408 
17287 
9723 
16851 
1286 
10865 
45002 
3865 
29713 
7506 
14591 
29401 
19452 
12095 
36523 
43005 
12358 
15205 
10499 
21171 
31814 
44754 
30571 
33338 
47979 
39579 
649 
33011 
9553 
27343 
6412 
14960 
44630 
16134 
31811 
45915 
26999 
26812 
49780 
6711 
34318 
14371 
36112 
3769 
26466 
22634 
46774 
38824 
37838 
7272 
9994 
19651 
2025 
40564 
2989 
3 
30143 
3637 
33014 
39695 
39425 
4655 
25609 
5558 
36466 
21524 
32556 
13277 
21303 
39267 
47595 
35674 
25378 
1364 
12139 
48012 
48137 
963 
35849 
10956 
5500 
7433 
1520 
8488 
7436 
31662 
12124 
40449 
21357 
43103 
29873 
18711 
35431 
12476 
40234 
17987 
25753 
11537 
7253 
23347 
47211 
32631 
24711 
9350 
30642 
22848 
10312 
16491 
28255 
21267 
21990 
35688 
22786 
30478 
43123 
4448 
42602 
33571 
25804 
35704 
13443 
1814 
4415 
48874 
14290 
16860 
40042 
6185 
24112 
13389 
3396 
6743 
38099 
12745 
37385 
10946 
23056 
3875 
39201 
44323 
25865 
24888 
17108 
6342 
18011 
21555 
48943 
1581 
47359 
34647 
15024 
49172 
39061 
13897 
13461 
33710 
30756 
3503 
39894 
4868 
16891 
43290 
11610 
4990 
6034 
48994 
15936 
29089 
2869 
5136 
23411 
28733 
30024 
40519 
35074 
48034 
12074 
34017 
49615 
9432 
18663 
14638 
8604 
7724 
28535 
22065 
41433 
9290 
25567 
31327 
14158 
42457 
24616 
25767 
47447 
30649 
24761 
13382 
9738 
27629 
18518 
33149 
6362 
48541 
23667 
41435 
46575 
35741 
25451 
46189 
45173 
44114 
10827 
3776 
1837 
39361 
25840 
43270 
48651 
1406 
24596 
12808 
49212 
38575 
41309 
29861 
13336 
4690 
39598 
40965 
23207 
22746 
47326 
21748 
46413 
18323 
32154 
14212 
14512 
27326 
8325 
25339 
31101 
10162 
14699 
6941 
3431 
13350 
8347 
28027 
26157 
2209 
14731 
43518 
7098 
28067 
48207 
46696 
19031 
21414 
19442 
16356 
43162 
15855 
5116 
11485 
48008 
19327 
25996 
25333 
27652 
1334 
6434 
37813 
16033 
41244 
29383 
21721 
19271 
5539 
23929 
46508 
20270 
3606 
48336 
15653 
302 
17366 
37067 
19743 
33722 
30229 
35597 
38838 
41713 
33604 
8164 
17709 
8937 
35816 
19043 
23628 
35076 
28745 
14872 
14458 
465 
34142 
19997 
24394 
30650 
40266 
41840 
38602 
7492 
34557 
5968 
44559 
4299 
39689 
24787 
39895 
28526 
16500 
23499 
36690 
34209 
32436 
22505 
3251 
47806 
46133 
38327 
26550 
11004 
2784 
27015 
45146 
22780 
1408 
25795 
13046 
43247 
10050 
1647 
739 
44607 
7614 
45298 
48905 
47302 
20085 
38800 
25828 
36584 
12299 
12517 
20792 
44734 
35021 
24043 
42540 
31153 
12369 
19090 
42157 
15153 
46104 
37302 
37933 
47512 
13097 
978 
40759 
23147 
2624 
41497 
17753 
10238 
36794 
16658 
7539 
6879 
5457 
33367 
43462 
17756 
45883 
14254 
12489 
30904 
38297 
5028 
12057 
666 
24118 
4213 
15818 
20221 
41515 
3750 
17733 
4612 
4727 
8491 
27758 
7351 
49987 
45511 
17588 
36781 
12168 
25127 
43659 
17625 
37121 
35380 
4376 
1375 
47868 
35280 
2896 
47336 
40336 
27013 
1549 
6154 
47234 
43063 
9904 
14966 
47675 
14631 
23456 
25432 
21981 
23443 
20942 
39569 
10224 
33110 
14696 
3883 
734 
23189 
41004 
36114 
27564 
42378 
33981 
12843 
32048 
36877 
10179 
22384 
13890 
11727 
28538 
11124 
4790 
38441 
26089 
2464 
3071 
49545 
27896 
25051 
22988 
48838 
14620 
33211 
31947 
29315 
37094 
32681 
2503 
28097 
18794 
30067 
2775 
42910 
2522 
39652 
3088 
24906 
3541 
14814 
3443 
14664 
19604 
41883 
40753 
22067 
44953 
40298 
49962 
20004 
13285 
48799 
46495 
30746 
13938 
33588 
13426 
16441 
11685 
32219 
46507 
32158 
34993 
39416 
34680 
24644 
42503 
9585 
28185 
7317 
13027 
42849 
26920 
4910 
33602 
48986 
49863 
23899 
48948 
19867 
37183 
47747 
4490 
33678 
28492 
18428 
17266 
41918 
34868 
28950 
24137 
31374 
11108 
9130 
20790 
45787 
33774 
13292 
5371 
11958 
20609 
18398 
4807 
47528 
23308 
38408 
46514 
23170 
12307 
45461 
43037 
49489 
43208 
47527 
33167 
21699 
15954 
432 
13617 
29382 
37753 
32195 
40489 
46882 
2985 
36275 
30655 
16276 
41646 
42613 
36884 
10044 
47420 
34412 
33351 
35827 
30925 
6521 
48133 
26385 
49557 
47622 
19592 
47083 
30788 
41291 
13037 
31220 
4908 
13858 
10601 
42660 
46053 
1089 
39542 
49037 
37364 
20196 
15313 
12809 
2197 
39052 
10228 
36608 
22403 
46055 
17532 
28923 
44188 
43917 
28480 
41810 
13509 
25563 
22598 
4800 
38599 
3817 
9707 
2456 
14418 
2366 
48509 
15506 
41908 
47545 
2870 
12104 
12857 
24912 
15053 
20930 
35140 
1661 
43333 
31195 
19192 
22255 
25382 
17192 
26618 
26296 
39789 
31417 
14895 
43605 
41124 
17351 
8022 
43490 
15859 
23528 
35397 
13403 
26397 
47500 
8275 
22411 
41313 
29205 
7551 
42973 
22537 
38745 
12165 
44792 
14127 
25274 
45526 
31318 
1891 
21822 
21106 
33308 
36716 
14711 
24431 
4066 
22732 
17920 
19925 
46260 
3316 
33327 
22657 
815 
9587 
30931 
23226 
899 
10136 
30777 
43872 
32673 
19521 
6036 
27465 
33648 
31310 
22990 
14965 
33200 
44811 
36070 
16507 
31527 
780 
40937 
23512 
8857 
5517 
19771 
12172 
38843 
42427 
12987 
48430 
23358 
36213 
49328 
33494 
16989 
43200 
16167 
36510 
49236 
43631 
20157 
30545 
16620 
35122 
11431 
21191 
30251 
42958 
21971 
21187 
28550 
45483 
30043 
34066 
15254 
42215 
22909 
7681 
5202 
21338 
31039 
41415 
20666 
8404 
30698 
44913 
13101 
24328 
15070 
43645 
40948 
191 
7389 
2379 
21382 
37639 
45336 
43353 
8825 
23885 
38835 
38868 
7950 
4089 
31083 
30859 
11769 
36284 
2196 
42807 
27699 
22861 
7338 
36102 
36726 
38036 
31015 
49826 
12364 
46084 
43471 
3312 
46275 
859 
5690 
17657 
38497 
1025 
11009 
47322 
24910 
36190 
32860 
3933 
17272 
13718 
15701 
3556 
15913 
8507 
31254 
38774 
15845 
17355 
25500 
3881 
48369 
25326 
16244 
44453 
18796 
19555 
40728 
19655 
25245 
8384 
8151 
26270 
19393 
5472 
1179 
19237 
34039 
23169 
8933 
47756 
38869 
13669 
47376 
43743 
2442 
13221 
11098 
27942 
17101 
9467 
3268 
33344 
3919 
22063 
2899 
44646 
41717 
28143 
3030 
49868 
4412 
22422 
5340 
5591 
47001 
39629 
14827 
5934 
37384 
3696 
18422 
1052 
1071 
12164 
3494 
14291 
23262 
31436 
31391 
32728 
34703 
14735 
36646 
6766 
17633 
31292 
48483 
45775 
34321 
48350 
187 
3689 
5777 
48401 
690 
45405 
13228 
6623 
32789 
16923 
25045 
33841 
17994 
37208 
37334 
32285 
10469 
18770 
13676 
43197 
3472 
28410 
29842 
46042 
11134 
8720 
41817 
45454 
7069 
10758 
47780 
597 
11447 
43185 
13825 
18070 
25973 
30747 
43114 
9814 
48740 
30322 
47147 
31025 
40791 
15917 
44700 
33987 
19388 
23109 
13828 
29625 
19151 
24962 
38345 
10968 
20416 
2971 
22612 
6171 
750 
23209 
17618 
43935 
37033 
35687 
19908 
17779 
29721 
16519 
9121 
26868 
47543 
49911 
42784 
42243 
33898 
15351 
47726 
41797 
34502 
22687 
30141 
45469 
43102 
25554 
48439 
31724 
49189 
38922 
49342 
25954 
35028 
13031 
43733 
42751 
10252 
22949 
19618 
7795 
22860 
12401 
37 
6757 
24573 
15388 
4482 
16369 
49889 
27168 
46510 
45357 
43796 
35982 
3787 
42984 
24904 
3128 
36107 
857 
38156 
49138 
44590 
1984 
41888 
4841 
24932 
11505 
12636 
47791 
23906 
12672 
4547 
48479 
28059 
9029 
14847 
27947 
36196 
11356 
23304 
6466 
33419 
17099 
42447 
37206 
10083 
17350 
40333 
46190 
18207 
28489 
45327 
12796 
30472 
37215 
17637 
5403 
48720 
30272 
3194 
22625 
42944 
7740 
21104 
21002 
16769 
35950 
48949 
2965 
47306 
22252 
9430 
30725 
39351 
1877 
17930 
49434 
19227 
8263 
45623 
37433 
36751 
40950 
229 
28164 
17866 
22626 
26883 
25819 
49508 
41080 
33559 
20611 
12082 
327 
6561 
11031 
3291 
3867 
12720 
34591 
22633 
14596 
2521 
33822 
10783 
17690 
21255 
47534 
8639 
21484 
14756 
36803 
39349 
37381 
13686 
37486 
13200 
13194 
28566 
46758 
33805 
47084 
40365 
1677 
375 
44232 
34960 
13095 
28823 
7592 
27690 
31343 
29658 
11512 
42126 
47347 
32767 
39659 
5986 
4250 
42789 
43598 
41795 
6474 
4994 
19667 
9648 
1752 
3471 
295 
48835 
43836 
1972 
49210 
38067 
36931 
12304 
16889 
44523 
39994 
48232 
24181 
1506 
40357 
21528 
34272 
30015 
27514 
38522 
34429 
20302 
32119 
26224 
26775 
13202 
31218 
46441 
22850 
32969 
49912 
23145 
31804 
43747 
25117 
31013 
12047 
43316 
48703 
6570 
33309 
46934 
30750 
34814 
37291 
2278 
19086 
17306 
29791 
1734 
92 
39726 
27958 
26867 
2928 
9175 
25777 
42144 
23219 
48922 
23947 
16966 
24038 
4960 
48779 
36085 
48275 
47481 
42654 
31584 
44415 
23404 
16398 
31705 
25681 
35483 
49010 
5471 
43090 
744 
5563 
32815 
28702 
32429 
35742 
37877 
5736 
11519 
30020 
28954 
10440 
3967 
45920 
34478 
8926 
44698 
20562 
7201 
13215 
38785 
36593 
36618 
5182 
18298 
12298 
40665 
17308 
17769 
33755 
18051 
23331 
46753 
5760 
2311 
34629 
11495 
13829 
14648 
24269 
18615 
36368 
8746 
27540 
31066 
29307 
34741 
23244 
42522 
23525 
9837 
29139 
28707 
28134 
41437 
19371 
45442 
9206 
3125 
13492 
32536 
19694 
10245 
38296 
22004 
44873 
49790 
35833 
9521 
40238 
10101 
28135 
26606 
18847 
5675 
7671 
48154 
40415 
30914 
40675 
13939 
19814 
42646 
18885 
11251 
12016 
14326 
15141 
27817 
2992 
34835 
38062 
41287 
6838 
32934 
41077 
42671 
42454 
31315 
2771 
20589 
7920 
21618 
26263 
15591 
19772 
16678 
46505 
10446 
30617 
37255 
30260 
6139 
41511 
35278 
20464 
11967 
418 
48281 
14959 
35252 
36342 
6245 
42090 
19275 
34760 
11729 
28636 
37531 
32317 
36556 
9149 
8580 
2146 
28920 
25257 
48650 
39366 
5874 
35904 
19625 
29135 
42042 
11136 
14412 
23102 
14830 
10786 
38060 
82 
47127 
44305 
42171 
16402 
41626 
26931 
28130 
20262 
14462 
10447 
6817 
23610 
19026 
8962 
2529 
44283 
7611 
41894 
156 
43514 
29291 
35556 
22655 
43702 
48061 
45756 
8532 
8846 
33816 
8613 
5973 
28121 
784 
22374 
19747 
27715 
504 
40008 
42176 
10950 
46824 
15786 
29976 
5785 
18314 
24259 
13396 
10208 
24415 
6910 
21727 
3705 
42466 
44381 
47407 
40526 
40137 
5938 
49372 
23953 
14550 
5345 
2073 
15334 
27718 
21819 
43048 
28221 
11826 
35223 
39171 
8650 
1008 
19147 
14435 
19322 
43405 
27831 
29530 
17819 
34740 
1257 
21523 
27205 
45637 
18929 
17731 
35774 
24866 
17102 
9727 
22446 
11799 
4749 
33618 
47796 
28385 
45444 
33019 
17555 
4094 
34026 
36701 
18528 
3348 
30106 
46358 
32877 
47924 
31098 
34133 
19447 
8302 
29770 
38375 
26032 
15544 
13241 
43134 
25270 
2656 
37069 
7405 
15744 
20686 
5200 
44128 
16130 
38218 
11683 
20223 
22244 
48384 
38750 
35108 
8468 
26413 
16205 
42601 
45859 
24507 
22370 
34234 
539 
37914 
47474 
13183 
9252 
252 
7534 
24996 
20938 
12734 
19124 
951 
30806 
7290 
23195 
29190 
46040 
48785 
7679 
31147 
34091 
47352 
49853 
29950 
21858 
22223 
14183 
22396 
11657 
16068 
23319 
11786 
25320 
23570 
19320 
315 
44508 
32053 
19438 
31574 
33004 
244 
38864 
6198 
29434 
34903 
4983 
37112 
16049 
12235 
21203 
13400 
12088 
1152 
35258 
34310 
7653 
44445 
26990 
23720 
17764 
38776 
49040 
41334 
8095 
49354 
35841 
40148 
18792 
17415 
23151 
19036 
6278 
29349 
48469 
41180 
34332 
35580 
7229 
46567 
6782 
20629 
8654 
7934 
5886 
42963 
23267 
13538 
37408 
257 
37258 
5171 
39033 
36297 
47128 
35651 
37275 
4442 
49759 
10426 
23477 
39774 
21946 
47216 
24106 
7525 
4444 
20672 
14307 
25072 
29325 
22240 
30957 
22288 
45507 
44495 
9695 
45764 
31752 
14866 
34796 
18049 
11370 
31923 
3700 
43714 
19198 
8142 
43473 
29623 
31618 
49509 
19397 
3563 
46724 
43502 
11088 
1167 
14173 
25395 
26238 
43498 
47634 
7195 
15785 
43141 
1689 
25480 
38904 
33441 
40345 
23700 
1490 
1715 
5622 
5189 
45429 
24820 
13330 
38901 
4443 
44948 
38410 
23839 
48511 
35133 
17341 
9599 
36300 
31514 
12538 
25011 
32626 
19732 
40796 
25766 
21421 
16275 
14670 
4862 
6620 
6351 
8334 
43991 
11540 
3763 
18810 
24869 
42664 
23253 
19817 
31073 
47092 
18327 
14432 
27925 
2505 
45946 
12917 
15042 
20957 
45543 
34773 
11752 
21309 
6194 
28026 
35978 
11055 
34645 
24347 
17406 
42979 
18337 
28945 
46741 
37147 
3814 
39405 
10399 
23630 
20477 
7490 
41957 
36682 
19882 
39186 
17867 
32798 
4227 
38823 
28341 
39000 
575 
49650 
45194 
28600 
35628 
6249 
13245 
9974 
23654 
6224 
28311 
2599 
15457 
42369 
25856 
30042 
12845 
33345 
21998 
49527 
5267 
41879 
38712 
23134 
24677 
42939 
11956 
3018 
31939 
12531 
2667 
27132 
41130 
38294 
33381 
4375 
48268 
7034 
10598 
26578 
9633 
13562 
42035 
16044 
5931 
17890 
46086 
18775 
1235 
18084 
18302 
6501 
9963 
7013 
29634 
34639 
49952 
41590 
37657 
31891 
4120 
40324 
9023 
45250 
28617 
42403 
49625 
26884 
49436 
10222 
3462 
9068 
23784 
45496 
25112 
29714 
13385 
21197 
48489 
14619 
39281 
16790 
21120 
49243 
23803 
754 
33882 
23755 
42343 
21538 
5645 
46463 
11861 
14667 
40478 
41337 
17362 
6505 
1558 
20823 
15573 
25342 
16318 
40684 
5056 
29703 
11881 
3544 
44321 
20334 
15441 
404 
44137 
16194 
34285 
17891 
8537 
5822 
23535 
4999 
17683 
38202 
46712 
8161 
45270 
38048 
25522 
1774 
39606 
46344 
17346 
14947 
12662 
8030 
20003 
42364 
19911 
23547 
36685 
21072 
43880 
2125 
21475 
38016 
18319 
5759 
5906 
26855 
11581 
29441 
31854 
29264 
17642 
28565 
37424 
12911 
16613 
12945 
14685 
6218 
9289 
32031 
21165 
21950 
40061 
41167 
14313 
9971 
998 
31042 
3122 
2517 
46608 
21441 
2513 
48296 
19856 
31954 
30150 
49119 
49595 
8715 
36543 
12506 
25327 
49487 
27191 
31544 
8775 
9222 
2708 
49282 
43874 
45038 
9253 
8587 
46035 
40295 
17178 
49157 
42811 
13786 
20597 
1086 
16299 
18893 
20941 
48252 
49042 
20060 
47847 
7756 
6602 
10352 
6089 
37542 
14626 
14864 
46764 
17334 
45588 
46045 
11208 
40625 
5297 
19794 
36659 
45591 
36972 
35815 
38402 
757 
39487 
17055 
25304 
10428 
15307 
24345 
30487 
13153 
32101 
37089 
23504 
15183 
43177 
11046 
29809 
8041 
7809 
47142 
3628 
3854 
8349 
44253 
9151 
30912 
4741 
15114 
16726 
43143 
15871 
23138 
32629 
32925 
48442 
43056 
48231 
22787 
23543 
11383 
4887 
34887 
20070 
3808 
45933 
49878 
11848 
3741 
47019 
15476 
7595 
5368 
9728 
16745 
33510 
40639 
21486 
48624 
7365 
14628 
14494 
30503 
47256 
47419 
28944 
40312 
45649 
1730 
13854 
7032 
6617 
24485 
41919 
26686 
28293 
37851 
26563 
41592 
23582 
5617 
49186 
28949 
15345 
15930 
12459 
37415 
11082 
13348 
2043 
25576 
43851 
49298 
22994 
22794 
39610 
18643 
24524 
3464 
25674 
31141 
27949 
17593 
7826 
6241 
5443 
34389 
46382 
47034 
7971 
1998 
46220 
36919 
12150 
49378 
23326 
49565 
10460 
36674 
1607 
36035 
30524 
905 
3318 
40514 
27671 
27842 
43978 
3345 
8982 
21926 
20937 
16808 
28167 
26380 
1196 
24549 
23414 
9166 
26547 
19633 
46085 
43889 
31782 
45463 
17214 
31346 
5922 
3887 
32953 
34411 
33857 
985 
37728 
24371 
28655 
15569 
18348 
32000 
24551 
40273 
2936 
41358 
18440 
29316 
42554 
42988 
2729 
1719 
22361 
47804 
13422 
4143 
43267 
30636 
35489 
49188 
34522 
18441 
41145 
18933 
2298 
42129 
6660 
26668 
20784 
22229 
45015 
2783 
46780 
35288 
5719 
38137 
3727 
35034 
30690 
46714 
37763 
32409 
16248 
10124 
30213 
29669 
14266 
23479 
10304 
49755 
22667 
44826 
18196 
13811 
13758 
20493 
5940 
20418 
47160 
26723 
42647 
42175 
39426 
27462 
35225 
27562 
31189 
20259 
8252 
27903 
8021 
40661 
44150 
18144 
20873 
23819 
32410 
44352 
34122 
32164 
17018 
28948 
359 
30828 
42706 
20852 
36767 
13123 
13490 
5769 
10186 
42996 
37647 
22756 
18836 
31008 
46738 
6500 
21669 
40888 
42541 
14706 
7054 
36893 
48828 
39218 
3910 
27775 
39576 
34738 
20480 
10427 
21505 
33603 
28438 
34995 
39371 
38623 
27990 
34565 
6211 
7321 
45106 
4689 
38328 
41843 
11189 
9997 
32731 
2537 
47436 
42886 
39430 
46263 
32103 
43339 
24037 
21679 
28077 
44517 
32106 
49582 
28119 
10543 
34576 
17490 
49166 
12566 
2054 
25436 
18776 
9375 
20541 
23465 
47703 
12384 
34654 
7699 
45114 
10236 
42549 
13371 
49665 
38812 
45473 
43004 
12849 
17151 
21080 
49256 
20662 
35484 
9799 
5237 
2973 
8964 
17803 
5027 
34400 
36579 
14401 
4940 
10043 
12103 
17324 
44696 
19801 
12437 
15181 
30036 
4986 
28552 
29701 
43797 
24024 
22704 
6645 
41175 
43784 
14010 
40431 
14445 
49493 
19682 
2465 
9193 
37485 
43592 
24063 
21892 
48532 
34105 
33995 
28801 
3795 
28292 
43982 
33831 
33277 
22533 
13532 
27073 
46557 
36235 
33718 
37732 
30019 
47727 
28162 
44464 
47219 
28390 
14145 
49684 
37582 
1629 
7175 
31174 
25692 
29067 
29705 
9796 
13061 
45560 
38597 
16856 
23851 
32579 
687 
7127 
5112 
14218 
34200 
1668 
453 
17917 
39399 
30471 
15644 
17560 
24934 
12863 
45950 
39079 
12547 
33532 
40707 
19722 
48788 
44410 
26194 
39970 
14791 
28704 
13820 
47369 
29390 
20947 
2481 
43607 
5146 
4148 
44059 
23063 
43547 
24529 
38707 
11107 
49463 
1569 
7057 
38541 
14115 
40588 
29248 
33837 
5293 
45646 
32624 
49703 
21840 
44472 
39672 
36630 
23175 
3492 
2565 
24438 
36479 
46171 
29583 
40627 
40230 
2646 
34174 
14759 
41352 
45280 
14221 
42920 
2336 
2762 
7035 
42924 
32009 
40871 
48216 
27655 
23495 
47919 
49494 
17967 
37591 
36124 
41142 
41082 
20123 
43706 
15519 
39877 
45102 
47228 
31401 
44865 
39099 
26681 
9086 
32018 
29017 
11847 
39053 
21940 
43856 
29924 
20156 
21511 
3419 
18074 
21004 
21385 
5665 
7128 
12526 
46746 
27250 
6232 
12264 
33851 
46108 
7366 
31079 
26214 
12480 
21079 
44210 
39161 
30164 
26228 
18177 
42011 
15281 
40116 
35867 
45205 
10272 
7377 
48623 
28346 
28381 
20008 
34010 
35508 
32534 
30755 
12757 
38765 
43019 
34873 
384 
27687 
11086 
5496 
40166 
49705 
29327 
12328 
25933 
47503 
4338 
41214 
37619 
40205 
36418 
47890 
47581 
35041 
26236 
25961 
5048 
11468 
37581 
40999 
24225 
26346 
34018 
20833 
34401 
48520 
22304 
39896 
38685 
4468 
39601 
16795 
15534 
15514 
21133 
6747 
3132 
11337 
43164 
1022 
8917 
28204 
27257 
34878 
33252 
37501 
46346 
28500 
20571 
47178 
41403 
8396 
46918 
39922 
30700 
36813 
28607 
35167 
26414 
46618 
1961 
41947 
12132 
23094 
48693 
15264 
34430 
43347 
20061 
43542 
28224 
31043 
24570 
9543 
45140 
21323 
22059 
29719 
18977 
26465 
10418 
5790 
5072 
45584 
32203 
1690 
24150 
13821 
20638 
22843 
29084 
5067 
45369 
48414 
38911 
26637 
38072 
19953 
1206 
12216 
29495 
33538 
1554 
32888 
13256 
20530 
9353 
23674 
26320 
14424 
19257 
8522 
16113 
16801 
32672 
29933 
37438 
5514 
9017 
42505 
20213 
4385 
40918 
4972 
43295 
43043 
13248 
18760 
5258 
42743 
15106 
38796 
44296 
47994 
2052 
14826 
7346 
25725 
41146 
21769 
44982 
49667 
37882 
11782 
32339 
17815 
49219 
37852 
26831 
41724 
8065 
31216 
32641 
13036 
24511 
195 
6078 
37759 
18955 
11336 
30501 
34060 
132 
24797 
2184 
39622 
27908 
30767 
11167 
22889 
30434 
49049 
34671 
12773 
16863 
33890 
625 
43694 
25613 
8689 
24909 
8253 
21724 
49420 
8448 
27802 
37178 
27402 
39138 
17678 
11462 
39269 
42474 
43515 
41452 
32096 
32913 
19360 
44080 
42249 
43297 
43128 
6069 
9991 
10809 
6693 
3684 
36421 
15382 
28592 
44674 
37105 
28012 
3121 
14907 
15189 
30523 
4044 
32867 
41984 
43313 
25340 
35499 
34765 
18411 
4125 
20298 
12491 
46374 
13595 
5618 
23293 
19663 
15609 
34101 
26356 
19292 
20522 
41737 
47884 
15196 
28842 
25895 
18317 
43748 
41084 
48840 
47792 
23950 
40823 
41104 
49289 
26322 
25869 
6724 
44732 
29993 
27022 
7222 
26366 
40616 
12840 
49658 
10279 
28449 
33759 
36634 
47740 
4280 
28371 
19476 
7212 
21518 
37792 
960 
12601 
36631 
48751 
36550 
27454 
39855 
35839 
3775 
15723 
48507 
45715 
19585 
5729 
22080 
10200 
18569 
21738 
20479 
47017 
7112 
44757 
9776 
40379 
29251 
42694 
11897 
17043 
43653 
24498 
3674 
11047 
31128 
32258 
46886 
47981 
39448 
43695 
9032 
15775 
19232 
7707 
37513 
39710 
4723 
43008 
46822 
49479 
32304 
39858 
32035 
24998 
1755 
49078 
18651 
26252 
2752 
11054 
37299 
33879 
43312 
34184 
18781 
41292 
23632 
2190 
34986 
32663 
41328 
761 
38273 
41605 
3757 
31281 
38426 
3235 
34065 
20730 
43093 
16099 
45727 
44847 
15177 
14377 
21098 
17928 
25431 
1806 
18742 
42580 
20587 
10033 
16211 
22777 
45019 
14104 
45780 
768 
13138 
34053 
42373 
16894 
30798 
20128 
49398 
1528 
15497 
47255 
8068 
30673 
11632 
29166 
48601 
37062 
37561 
406 
5804 
20993 
15837 
46351 
43770 
10856 
45224 
7873 
6635 
45992 
21010 
40688 
38364 
37904 
6021 
19162 
8032 
5419 
20690 
21252 
20915 
17944 
29319 
1588 
29575 
8484 
188 
16637 
594 
22440 
26185 
21587 
38276 
22536 
15356 
49131 
17760 
23229 
5766 
13752 
44238 
46453 
2115 
32142 
21277 
40173 
7892 
41966 
11424 
28806 
9910 
40743 
30394 
39484 
49227 
30581 
6120 
45272 
31175 
28560 
21456 
2761 
16836 
43992 
18116 
15967 
11751 
41344 
21732 
25502 
35582 
18185 
27617 
17724 
20659 
48894 
7896 
40860 
7356 
769 
10062 
37749 
40253 
18330 
46373 
4560 
49505 
26016 
2266 
41768 
20007 
20381 
7734 
31758 
11725 
29466 
7259 
47307 
47651 
34876 
15030 
18309 
33769 
22926 
24629 
42245 
4214 
25397 
2307 
41963 
15650 
11595 
10292 
12022 
16154 
9797 
36954 
42170 
12062 
28721 
12176 
32443 
36455 
43934 
44168 
15920 
1193 
41474 
13570 
36068 
6504 
31878 
19837 
29430 
28736 
44465 
21674 
32949 
19862 
23981 
35511 
35575 
35203 
47533 
1729 
44999 
34487 
43898 
7060 
13207 
6074 
39503 
49661 
7 
33670 
15581 
1200 
25144 
29150 
37267 
31648 
11028 
7104 
11077 
39763 
32750 
22712 
21430 
6731 
42305 
32825 
4474 
44034 
27824 
38960 
37932 
34883 
2167 
44006 
24385 
1828 
44013 
8055 
17408 
45212 
33198 
46558 
32478 
14845 
7585 
39582 
25921 
47348 
41150 
8671 
20059 
12580 
15401 
17681 
7706 
506 
23994 
1740 
28329 
12954 
13212 
15120 
33676 
37597 
16948 
27688 
45651 
22900 
28848 
5378 
43692 
44959 
19613 
35845 
36109 
28283 
5904 
48688 
43684 
23585 
18209 
1389 
24090 
42203 
2418 
5156 
15630 
20276 
26475 
3226 
37223 
4163 
48876 
21578 
27062 
27723 
2490 
32439 
21415 
40987 
27397 
41027 
13505 
19310 
32735 
12193 
6319 
30402 
14382 
30408 
22604 
17510 
32826 
27760 
10308 
48455 
48036 
36782 
1680 
35259 
40944 
556 
6836 
18005 
28279 
9326 
444 
312 
27841 
40719 
27143 
41346 
10029 
9877 
3538 
16195 
33940 
37403 
46603 
6543 
4912 
29429 
34303 
15219 
27884 
32338 
2001 
29564 
17597 
42945 
30119 
24433 
8397 
33758 
11393 
8089 
34070 
39233 
48808 
11212 
30579 
8836 
21089 
34116 
31857 
37284 
18056 
19259 
33886 
24599 
24171 
13314 
8901 
39390 
41198 
41239 
41390 
20761 
8835 
34335 
879 
33267 
45284 
9275 
17025 
6677 
17364 
1094 
45910 
16172 
12306 
26488 
25008 
33394 
10604 
6864 
20678 
28659 
26123 
4563 
3257 
293 
17877 
12158 
39683 
9074 
29834 
12231 
15407 
30713 
45498 
10691 
39988 
12523 
17367 
7352 
13276 
23523 
25922 
39764 
48530 
9316 
367 
5394 
29026 
31517 
34556 
32282 
31810 
2433 
44440 
21492 
11506 
47836 
2564 
41340 
10067 
17971 
22052 
5564 
28661 
12039 
18087 
46027 
19390 
31703 
9303 
42913 
7625 
49067 
41443 
16940 
49433 
46837 
46933 
28458 
28353 
31489 
10740 
10163 
33921 
5179 
31655 
45426 
3015 
34219 
36766 
13081 
2189 
8817 
18645 
30849 
20856 
36731 
26876 
40246 
18433 
36179 
33158 
26057 
35245 
24601 
42997 
34678 
21437 
39929 
13135 
21417 
23875 
9953 
5338 
29054 
41607 
763 
32068 
25826 
37529 
45149 
28014 
46345 
13793 
17201 
523 
35739 
7446 
21918 
40604 
45011 
7162 
15204 
38007 
41839 
36641 
27936 
4974 
36430 
49353 
28849 
7903 
37989 
5453 
39971 
13814 
42981 
35119 
41828 
39326 
48911 
6526 
36429 
13972 
18387 
8346 
4576 
13398 
15508 
19780 
1405 
6420 
29340 
12320 
42850 
28692 
41169 
39232 
33382 
49071 
27220 
38834 
39041 
41033 
31815 
24159 
32861 
21140 
23070 
33550 
27666 
22502 
19979 
41638 
40889 
28324 
46213 
4287 
43831 
15993 
5691 
1177 
22412 
35030 
13497 
15262 
13722 
4665 
4493 
47103 
3735 
31713 
35937 
42776 
17751 
16935 
5606 
38891 
40004 
39155 
16556 
9134 
8194 
3394 
37457 
4407 
7680 
31287 
20399 
32464 
48400 
45960 
8072 
12122 
624 
12564 
9225 
4359 
44277 
45161 
47135 
17022 
12912 
14069 
22627 
1802 
4073 
18358 
16578 
26551 
19972 
8371 
39658 
1356 
41022 
22121 
44166 
39421 
18081 
2237 
1543 
18705 
14801 
10767 
23064 
9077 
5927 
20198 
26098 
18838 
34267 
48724 
20640 
38339 
10505 
38997 
4916 
31419 
15548 
24887 
39790 
2538 
29447 
47860 
43560 
1568 
42025 
32980 
19648 
44262 
34523 
38353 
9062 
45289 
11416 
18139 
1215 
31613 
44236 
20053 
42960 
40693 
4218 
3465 
29690 
9133 
34884 
45238 
34020 
24673 
41742 
36558 
5687 
31626 
25335 
25887 
47619 
13687 
34949 
42907 
25103 
3087 
44122 
6715 
47323 
14175 
22594 
40283 
26811 
35944 
28630 
19963 
3302 
21535 
7421 
36637 
13108 
42762 
49734 
38442 
18648 
2129 
3596 
40259 
27231 
6683 
34380 
33946 
4005 
48555 
6540 
3422 
33350 
38034 
37978 
19294 
16663 
17772 
39256 
19965 
39307 
45777 
27386 
442 
32413 
40493 
43203 
32147 
28935 
11851 
29498 
31063 
15447 
19756 
8294 
22130 
4136 
42240 
26134 
2690 
20421 
6111 
32129 
8455 
44089 
1422 
25118 
11860 
40678 
45082 
1166 
36454 
22467 
1608 
18867 
12960 
1013 
6661 
30510 
22957 
22108 
266 
31250 
44237 
4401 
23490 
20371 
7090 
22268 
40792 
13201 
4397 
49246 
7289 
5818 
24363 
19149 
19445 
20314 
41911 
21921 
1815 
4870 
16731 
2828 
23392 
19720 
45499 
970 
39735 
38004 
24459 
10106 
45094 
46727 
897 
1123 
142 
15583 
6940 
24505 
34731 
3435 
43949 
5045 
36383 
35860 
26965 
40730 
43696 
41025 
37493 
17087 
24362 
7213 
12586 
7965 
8182 
2321 
45968 
12426 
41061 
29368 
13322 
30490 
14937 
37430 
37968 
40865 
31917 
4711 
27248 
17776 
31676 
15445 
8505 
25371 
6470 
45998 
42458 
30832 
3210 
5044 
11392 
7364 
34763 
44032 
19789 
25823 
23400 
33111 
25177 
3889 
46574 
40113 
41319 
34542 
39779 
32183 
16458 
44490 
9431 
26165 
24875 
42738 
1536 
31345 
38736 
43993 
41945 
49036 
971 
3336 
6400 
35733 
47368 
26189 
11556 
20767 
9299 
36732 
24656 
5873 
26844 
15975 
40414 
16623 
48158 
6871 
11112 
7588 
41105 
37276 
32463 
33842 
13807 
22578 
32805 
25983 
14522 
31841 
17858 
38240 
12686 
15226 
14428 
24241 
35993 
23726 
10973 
10649 
29598 
37816 
26623 
20012 
4438 
24781 
15550 
32368 
2826 
14831 
1829 
28637 
24406 
24441 
4620 
38927 
6281 
31573 
6785 
44520 
44258 
22011 
8948 
18499 
8003 
32674 
29471 
18652 
12272 
45275 
32283 
21725 
20055 
9165 
37274 
2422 
27151 
40100 
17252 
28980 
31736 
45889 
3385 
6177 
508 
42312 
12457 
32080 
49096 
6977 
26338 
15925 
44837 
29109 
48598 
24307 
47761 
10869 
41594 
43035 
43152 
13318 
13089 
2316 
592 
15511 
29467 
40691 
32763 
8446 
22427 
28652 
11830 
28603 
29159 
4142 
41060 
11239 
3237 
37577 
24343 
13961 
3452 
12558 
1212 
23427 
48313 
44247 
11631 
7335 
18894 
12222 
22846 
48360 
2913 
5608 
6806 
34259 
18636 
3941 
13418 
45000 
24657 
26014 
43036 
12234 
356 
6996 
19554 
1365 
5020 
42980 
49678 
49266 
9558 
11308 
6601 
28451 
23530 
29446 
26442 
33617 
1780 
19313 
2252 
5721 
25029 
720 
7387 
1042 
43756 
19620 
752 
5206 
20305 
10225 
9490 
22842 
26615 
16090 
1292 
144 
45536 
28103 
26585 
30589 
11719 
28364 
49901 
13970 
34085 
38999 
34804 
40018 
40041 
9637 
29312 
23902 
46644 
49616 
39532 
6868 
12901 
4839 
16358 
31453 
32447 
37034 
31597 
27982 
15137 
8571 
36545 
40825 
41102 
29823 
5433 
31119 
19863 
33993 
40755 
11301 
13304 
14657 
7944 
12920 
4189 
14812 
25820 
9028 
31169 
11562 
40481 
13616 
48596 
22077 
41598 
13732 
30258 
168 
40587 
16803 
31411 
49739 
11233 
42864 
30858 
31096 
26857 
21612 
42396 
40160 
36269 
340 
3079 
40458 
15151 
28899 
49485 
46320 
40461 
39965 
9935 
39057 
12042 
1532 
2789 
42299 
1700 
43375 
9101 
10337 
24785 
46532 
10076 
36018 
39396 
40933 
17113 
16252 
12545 
9509 
6411 
48814 
9848 
39272 
24999 
38389 
38756 
21319 
31253 
17906 
40762 
32785 
20694 
33061 
34484 
42162 
44821 
38854 
38693 
4897 
24871 
28088 
45830 
44339 
8374 
1492 
7188 
11340 
10240 
46459 
36339 
48628 
7657 
27477 
13936 
38910 
45383 
4698 
21694 
16076 
30145 
29919 
18998 
18612 
5894 
43868 
46700 
1723 
35852 
41039 
10097 
37343 
41788 
17285 
48683 
2028 
13743 
656 
48958 
42677 
28133 
12893 
31586 
23515 
17590 
3280 
39591 
5348 
9457 
19735 
35267 
10454 
38732 
3878 
16348 
32600 
578 
18071 
18451 
41616 
5794 
33404 
45451 
4476 
9194 
39497 
36086 
8152 
32173 
21044 
13759 
37733 
38634 
17038 
27323 
26495 
47057 
36948 
35789 
33126 
3296 
18389 
33703 
21366 
36840 
25318 
49532 
42633 
8722 
44983 
47109 
44152 
4177 
36605 
30238 
18777 
44456 
33372 
32188 
22006 
49574 
9510 
15987 
26068 
6567 
45235 
13016 
42356 
28361 
16311 
10744 
12063 
37676 
47583 
40216 
46102 
32191 
37324 
40254 
36367 
23928 
20492 
48695 
42705 
14948 
32067 
25241 
24814 
882 
15294 
5568 
43654 
30208 
5717 
17884 
43098 
5091 
4110 
39200 
37282 
41434 
29453 
23649 
15361 
49945 
22343 
8066 
14892 
4410 
33307 
12027 
8482 
8120 
18672 
28540 
9002 
31883 
43834 
22898 
37450 
37487 
3761 
20989 
26079 
21765 
25499 
13360 
13198 
4952 
37008 
28559 
9351 
36625 
19788 
13760 
19931 
22242 
28051 
486 
781 
37052 
32369 
44615 
9950 
19819 
13055 
23579 
34043 
41234 
11604 
10122 
12999 
37103 
23482 
26196 
42054 
10490 
4755 
46951 
19841 
41379 
16738 
33601 
11309 
48552 
5842 
39359 
49038 
26411 
31406 
1237 
36360 
1224 
33337 
24803 
8641 
33457 
16037 
20244 
43579 
29035 
17060 
5231 
49400 
27550 
9985 
46350 
47390 
1363 
13088 
30990 
11640 
36831 
2031 
10677 
43454 
28441 
42082 
44690 
14800 
43306 
18108 
36667 
47671 
34145 
6911 
41249 
13179 
14257 
8309 
18409 
13656 
35858 
28393 
10006 
33247 
29756 
23093 
14237 
34732 
1067 
44457 
45409 
22897 
37490 
39210 
37697 
30796 
17236 
1911 
48903 
3903 
33048 
10814 
40830 
46226 
25070 
49139 
14635 
38725 
34996 
43028 
48731 
18243 
22783 
21823 
32479 
15210 
6555 
33546 
9667 
1963 
28066 
32563 
39453 
17275 
20260 
20248 
34511 
22171 
38413 
21752 
2198 
12581 
48424 
24296 
11720 
13058 
13020 
46715 
6085 
14957 
28868 
33573 
47435 
44077 
40127 
30980 
3743 
42089 
9046 
36306 
31542 
6566 
1789 
10830 
20939 
487 
23136 
13068 
21559 
22765 
34617 
35785 
21502 
40702 
47535 
36458 
19569 
31107 
33893 
13646 
21234 
14873 
17389 
13323 
23918 
3695 
44864 
238 
10260 
46652 
11067 
38996 
17591 
10310 
39482 
40727 
8779 
2550 
12286 
31543 
27337 
46902 
17328 
37603 
14862 
35296 
7172 
19189 
20817 
17202 
34061 
38206 
7978 
41900 
25387 
8215 
2159 
22039 
19282 
41154 
39630 
29592 
30356 
38371 
33186 
42641 
19914 
10522 
39543 
37241 
9360 
27146 
2102 
44655 
34317 
48070 
5134 
47904 
45794 
5882 
35238 
21181 
14096 
37397 
43220 
33378 
32849 
12970 
9186 
13204 
1340 
42371 
5845 
21254 
2892 
45387 
8494 
12251 
10596 
6906 
6850 
8665 
20749 
11983 
23936 
5322 
19730 
24533 
40559 
40910 
38629 
27956 
34130 
22007 
16978 
15690 
30182 
36316 
8061 
36026 
7569 
10952 
31413 
16063 
23203 
3945 
26659 
30109 
10794 
9259 
19509 
28098 
28988 
44042 
18657 
19898 
32670 
46612 
4027 
4677 
3117 
21005 
18807 
1186 
25968 
37211 
33537 
37819 
18624 
49600 
11022 
22569 
26258 
33363 
41987 
20839 
11496 
34237 
49827 
5537 
2893 
19724 
38207 
23750 
42883 
2621 
32535 
21427 
45940 
8503 
48294 
33150 
47133 
24342 
17896 
38263 
7705 
29476 
30250 
13844 
41745 
48080 
141 
47282 
973 
19864 
477 
43614 
3098 
38368 
10906 
24525 
34307 
19408 
22818 
17457 
11446 
8930 
19231 
3084 
6063 
43572 
20979 
44325 
1277 
455 
24575 
16320 
13199 
909 
13601 
14172 
20772 
49089 
14649 
14386 
27460 
17746 
2753 
38366 
42270 
37060 
7773 
15088 
4516 
19219 
24017 
23746 
22302 
30079 
17318 
43281 
24404 
18594 
43735 
48979 
33713 
44503 
15298 
46912 
45411 
11083 
16183 
27988 
25731 
30568 
5448 
43477 
33321 
43813 
35747 
20380 
1585 
834 
20803 
24851 
48642 
43105 
4930 
15959 
36385 
29333 
34553 
30120 
28312 
18266 
24622 
43609 
15178 
20033 
22507 
36215 
495 
1991 
16782 
5942 
45467 
103 
49754 
31213 
20482 
1338 
32047 
45377 
22141 
6897 
44018 
15245 
9977 
1630 
41159 
44530 
31749 
19470 
12795 
6371 
13078 
27973 
26403 
35585 
4232 
12618 
36079 
6223 
29400 
42021 
29502 
41774 
32902 
49983 
43112 
14949 
45360 
15252 
21845 
39378 
30497 
33671 
49355 
32127 
24829 
43884 
13876 
44299 
6679 
20246 
34651 
46649 
38883 
9266 
29040 
45105 
38666 
21060 
46795 
18167 
12834 
29697 
18150 
5945 
44645 
13510 
21196 
16490 
1693 
160 
33819 
24989 
46125 
47694 
19287 
2804 
17940 
26663 
37455 
14589 
19624 
26337 
23854 
48663 
21442 
12520 
19723 
18236 
30686 
47932 
48836 
38501 
12345 
9697 
9066 
15232 
11389 
17473 
45208 
34213 
13598 
42902 
3499 
16401 
10841 
30162 
3856 
25429 
49785 
30192 
49283 
48448 
1634 
11802 
18170 
19870 
42488 
726 
17802 
41324 
39226 
10378 
3669 
19444 
18900 
10311 
28668 
36373 
5518 
12881 
49970 
48419 
16380 
16371 
9260 
46541 
20226 
34688 
46325 
33971 
44772 
45773 
12942 
38261 
39723 
29584 
101 
19544 
2152 
12125 
48212 
38524 
11092 
38493 
16061 
27472 
4864 
25321 
24012 
25089 
10008 
20337 
25507 
43979 
15109 
27558 
39751 
41718 
44610 
39301 
40846 
46424 
8845 
42998 
8548 
7056 
31521 
26190 
18148 
20014 
42251 
45619 
24877 
17571 
19631 
49966 
27579 
39967 
25472 
21557 
5076 
3029 
2507 
39319 
24843 
41708 
46914 
19453 
31009 
37760 
15876 
39853 
30757 
24424 
46908 
12277 
614 
15055 
32291 
10674 
7167 
10434 
30304 
7132 
38013 
20271 
32603 
9570 
25347 
35632 
20877 
8472 
38138 
10196 
33315 
29845 
7109 
2768 
10853 
44869 
706 
25625 
43067 
37902 
43680 
12668 
20192 
23342 
27358 
46977 
3645 
34490 
34989 
23916 
17092 
44558 
49262 
2724 
15435 
7733 
40861 
25630 
41048 
20706 
32739 
43815 
31559 
27607 
12458 
32264 
3232 
5524 
29877 
41133 
49203 
42545 
11324 
35746 
15886 
38682 
32722 
19531 
23171 
17711 
43446 
40263 
12268 
42707 
42986 
27703 
440 
33847 
3333 
41488 
4553 
36071 
35302 
36111 
13678 
47760 
18375 
16909 
3283 
48251 
8042 
2486 
19365 
38232 
6681 
8047 
20954 
26212 
38664 
19657 
21481 
932 
12363 
14467 
28634 
12803 
31966 
4290 
2865 
18037 
39592 
38976 
31714 
37351 
7350 
40634 
6664 
43120 
46396 
26029 
31351 
3077 
34075 
2304 
29289 
15293 
40967 
48945 
36773 
41899 
1239 
20532 
24110 
49551 
2498 
28400 
2416 
20534 
17991 
2248 
5341 
48742 
871 
45975 
4343 
39094 
33563 
20444 
17638 
22748 
33103 
32930 
13714 
19702 
5613 
43356 
26144 
17466 
28641 
45865 
22908 
49175 
13856 
14299 
19196 
13041 
2292 
15171 
17383 
9826 
4264 
18121 
43389 
24707 
21936 
11026 
47454 
5038 
43956 
11168 
37086 
13657 
16780 
30441 
34598 
47907 
5089 
21565 
43771 
27996 
20739 
7626 
42294 
22161 
26822 
5334 
24453 
41992 
22716 
34278 
46256 
40837 
27667 
20963 
12772 
38692 
18417 
17810 
32647 
29585 
4895 
46304 
46365 
35336 
30901 
39288 
33242 
35989 
13984 
31591 
3752 
11461 
11612 
3453 
34328 
12482 
49708 
25164 
20671 
37935 
39087 
5744 
11486 
18671 
10639 
7790 
15035 
38690 
4323 
29217 
24679 
15175 
6230 
38662 
46766 
40868 
44940 
517 
2329 
6552 
5782 
40879 
41203 
5490 
16043 
26160 
3977 
10190 
15246 
9721 
21676 
33917 
20360 
29465 
48952 
16334 
18154 
3274 
45550 
42832 
18449 
1779 
31494 
15214 
26434 
15731 
44976 
32985 
44452 
23864 
35654 
6246 
39906 
17005 
32405 
43883 
27195 
3603 
48870 
31568 
23963 
28334 
30519 
40296 
33792 
35846 
39320 
2241 
37625 
20814 
17454 
30271 
47247 
33185 
25247 
30232 
27636 
26003 
4095 
13290 
32248 
44000 
30294 
14653 
7488 
41485 
6358 
43871 
24389 
5743 
31180 
41588 
20499 
10421 
29213 
27875 
9484 
38559 
11059 
34730 
18790 
38695 
10732 
22885 
16884 
32278 
7632 
4766 
39766 
19935 
46250 
46123 
13806 
11697 
30815 
38194 
17439 
11994 
46375 
9027 
32492 
6795 
38239 
23805 
34670 
47722 
45728 
32451 
34422 
43182 
4037 
36406 
36162 
20921 
18683 
43793 
25686 
8449 
13728 
4571 
27533 
33632 
35386 
15727 
1070 
47379 
12101 
10096 
29871 
18896 
48334 
3675 
3565 
46056 
16038 
49293 
28506 
47190 
33715 
21688 
1227 
20120 
7849 
38803 
1642 
47833 
47251 
15370 
1822 
42903 
3399 
37207 
8630 
4469 
34586 
14564 
14456 
39626 
12898 
18130 
43191 
8953 
34167 
42484 
37459 
31357 
26199 
9147 
32584 
46319 
16996 
4731 
35121 
18637 
2563 
34007 
22331 
34194 
26909 
25730 
21401 
35538 
30198 
6268 
44762 
20441 
45894 
7659 
38571 
39084 
16612 
22737 
4071 
7766 
13217 
36677 
4084 
30212 
41407 
39205 
43970 
21576 
32855 
16300 
5770 
9764 
42029 
45301 
22227 
33156 
16988 
3597 
47462 
24647 
42167 
36546 
41259 
14904 
18113 
45329 
25878 
8546 
5673 
29962 
38758 
47080 
19166 
37607 
41049 
40742 
20461 
7349 
46511 
49377 
23681 
25525 
21603 
6837 
27094 
38591 
10433 
24555 
13237 
2600 
11100 
4496 
17504 
49824 
36500 
5090 
8370 
42173 
35052 
39253 
4217 
34734 
30301 
44958 
5195 
37649 
41469 
35419 
37026 
15150 
10944 
8629 
21986 
38037 
32419 
12592 
10456 
35019 
23691 
14951 
2903 
14775 
39022 
7993 
31194 
43045 
20272 
20447 
47261 
5006 
747 
42219 
33687 
25422 
48837 
6563 
34050 
20822 
44600 
31269 
3241 
7191 
41725 
38259 
30882 
6676 
40780 
33785 
21450 
29801 
41777 
44595 
10995 
34822 
14867 
31441 
32082 
19872 
24300 
30072 
20583 
7987 
25691 
46004 
6823 
32253 
30054 
27645 
26853 
11323 
3047 
19143 
14924 
9722 
9922 
48708 
31172 
40485 
717 
25306 
40633 
32157 
7388 
14345 
31688 
40576 
34927 
39674 
16267 
46497 
10985 
24141 
25372 
22307 
5025 
9415 
25353 
24168 
24338 
34090 
23046 
16246 
23812 
13531 
42012 
24528 
38837 
32644 
6685 
46225 
43148 
21029 
27912 
33723 
5956 
17586 
49990 
36887 
14082 
47871 
38223 
23880 
20177 
43248 
33294 
45530 
30604 
1505 
30678 
46849 
25316 
44209 
38860 
33046 
21503 
6529 
29270 
14650 
7182 
48373 
33513 
24767 
48363 
20400 
38849 
46871 
18270 
27071 
20751 
38446 
20318 
4045 
33976 
11677 
14579 
39237 
42354 
11427 
14553 
36563 
286 
14397 
19609 
21789 
20925 
48878 
6059 
31995 
30826 
33174 
2394 
19674 
30044 
20664 
46745 
795 
9110 
17063 
43085 
4795 
16515 
7663 
8869 
19089 
8585 
45432 
19375 
22981 
15040 
41163 
43906 
13917 
27602 
42388 
19976 
12413 
24383 
802 
45586 
26777 
20476 
47440 
17220 
26424 
6549 
34282 
31262 
49634 
39077 
47777 
7296 
33109 
41693 
2076 
45759 
14674 
17116 
36922 
8579 
31032 
14523 
967 
26935 
25349 
1809 
22521 
22285 
48150 
39504 
6113 
23786 
5835 
5747 
3611 
13042 
45971 
10256 
37664 
12332 
35184 
2337 
22106 
10916 
10479 
36628 
11882 
13563 
37230 
13295 
36083 
39355 
35579 
34232 
38919 
25083 
8805 
45032 
48868 
14639 
778 
11730 
18250 
7701 
28505 
3245 
45364 
38429 
47701 
20283 
10534 
8616 
30761 
47162 
20497 
42247 
10724 
7727 
5542 
46806 
47082 
41120 
31038 
36001 
16203 
39843 
15071 
26800 
22731 
45629 
34501 
1236 
29864 
42072 
27565 
12355 
36180 
43115 
44998 
35361 
14404 
40902 
2527 
32022 
33565 
47485 
48225 
23407 
28517 
27888 
10326 
40095 
619 
5955 
24595 
1855 
4828 
4459 
43927 
42130 
32023 
18203 
49396 
34963 
24879 
34757 
40683 
39283 
25659 
43210 
48253 
5905 
181 
26769 
19199 
28069 
37095 
9294 
28687 
43050 
33889 
30542 
47877 
38347 
24469 
40007 
20370 
30749 
29972 
38572 
14935 
13451 
14901 
2733 
48827 
3501 
48239 
25601 
1753 
25781 
28521 
3849 
15616 
32636 
16524 
13077 
6542 
4871 
37546 
25240 
18295 
26520 
13812 
41455 
27262 
13339 
47072 
29995 
3897 
45898 
33495 
2136 
21499 
35248 
6279 
47279 
13769 
29620 
1127 
29384 
12256 
33662 
38049 
28779 
46739 
33649 
34284 
41138 
8888 
2578 
17658 
22700 
1016 
9112 
49961 
14355 
6184 
29956 
18251 
2082 
20387 
23580 
48698 
26665 
20858 
12466 
6285 
21984 
41850 
18540 
5646 
29898 
47318 
2385 
24488 
30966 
36668 
15625 
39854 
39246 
12553 
40262 
42395 
12514 
4616 
48578 
42470 
22867 
659 
5920 
43254 
24238 
4618 
19918 
45096 
17084 
26202 
17080 
8934 
44741 
22725 
38831 
42059 
25110 
23024 
11778 
28943 
12878 
1023 
12225 
41285 
4619 
37944 
45901 
3196 
30413 
18767 
3855 
36333 
12020 
28093 
40951 
31938 
23188 
8035 
8139 
40267 
16968 
2880 
12992 
5798 
44938 
38102 
19116 
17962 
49879 
48058 
10283 
6269 
42186 
44213 
38086 
18097 
24626 
6853 
21951 
10959 
18872 
44 
1909 
810 
23231 
9944 
13498 
26911 
11828 
26490 
32709 
6765 
1824 
24726 
14469 
49882 
5565 
10164 
11834 
7555 
25065 
6047 
45640 
30672 
2492 
15112 
41631 
21364 
15156 
43539 
22173 
38386 
3483 
31121 
1884 
30393 
42948 
28374 
49713 
42964 
14925 
14806 
30003 
22802 
24970 
41836 
30357 
34 
47882 
43195 
28554 
28488 
8307 
20184 
49852 
23462 
13723 
22025 
17205 
3145 
47598 
46093 
42105 
10698 
45805 
35068 
25623 
20243 
42501 
40428 
245 
15398 
42081 
45658 
15432 
39962 
21654 
8627 
18516 
16934 
38699 
49993 
40396 
22017 
2243 
19626 
25162 
8079 
27921 
17059 
43147 
3543 
35647 
43971 
949 
9368 
29626 
46607 
24799 
19588 
18260 
33426 
38103 
18401 
26802 
18394 
40754 
29223 
40410 
48848 
15572 
8971 
16071 
36826 
17049 
3885 
41186 
45842 
41504 
28731 
46790 
872 
8357 
43396 
25671 
27945 
11656 
9096 
16047 
30057 
9454 
48450 
208 
22071 
43204 
20919 
4431 
2174 
36989 
41257 
19223 
45141 
29418 
28513 
36326 
25260 
20017 
15057 
22049 
20888 
23413 
1357 
27100 
5653 
17404 
7156 
15107 
5605 
15314 
32323 
8517 
48896 
40152 
29914 
21210 
35292 
9332 
49722 
19739 
6639 
40626 
10087 
22083 
49182 
42836 
28847 
7943 
11942 
23256 
6407 
31773 
24662 
5302 
42464 
14891 
22377 
36100 
30745 
31708 
35822 
2363 
16298 
5561 
39037 
22937 
46186 
49123 
33369 
10566 
44201 
26205 
39413 
538 
34147 
28511 
7402 
49932 
18887 
39175 
24593 
24188 
31638 
19641 
4015 
386 
35723 
11405 
2749 
2021 
41785 
24957 
13151 
40907 
46520 
1473 
14177 
22724 
40885 
14715 
6870 
19395 
27194 
14272 
46081 
3446 
43919 
20268 
35083 
33402 
39909 
39098 
40294 
20390 
43042 
26840 
37355 
34827 
1796 
505 
25733 
21772 
47025 
19748 
18090 
662 
26617 
27856 
6811 
44333 
729 
44203 
34112 
18513 
24405 
13504 
17447 
20172 
858 
2273 
21968 
28006 
43739 
48388 
5211 
29687 
18135 
23300 
30348 
44751 
10784 
8203 
35639 
17594 
32138 
26341 
9388 
10452 
27901 
45567 
34857 
21233 
9070 
41405 
9928 
4577 
13372 
11291 
32582 
7111 
9678 
37793 
36797 
27813 
17144 
22564 
21876 
8202 
39470 
7485 
38174 
7792 
33826 
47561 
25461 
5810 
29134 
46693 
14880 
31437 
38097 
24807 
36014 
1469 
36098 
18596 
45776 
6388 
45376 
23588 
17480 
46151 
37866 
4353 
28824 
45350 
42526 
36615 
29175 
40086 
23452 
15547 
2586 
12239 
17546 
34023 
336 
42353 
20036 
1804 
38631 
10383 
45018 
5758 
47814 
12497 
18277 
43964 
1852 
6143 
48317 
30675 
1493 
40842 
17290 
30668 
30928 
14147 
46475 
16814 
6705 
8713 
34360 
9049 
26713 
10762 
5163 
49392 
21235 
29389 
26993 
27202 
6907 
21166 
8759 
1412 
19483 
39433 
2904 
10325 
6723 
33572 
41252 
20870 
37691 
37726 
37684 
44395 
46439 
22043 
5488 
48756 
16340 
37574 
39684 
14567 
10509 
46591 
9836 
31675 
5349 
11248 
1157 
44782 
14151 
11481 
47723 
35413 
40459 
10057 
29807 
36897 
32100 
14928 
42384 
30856 
10810 
8724 
34774 
6084 
46298 
45768 
10864 
28590 
42358 
20699 
10264 
47707 
31946 
11420 
42489 
46097 
22901 
43820 
25633 
16367 
29232 
16091 
2988 
8523 
23966 
45372 
39379 
34776 
24152 
40859 
392 
42233 
36626 
11255 
28984 
31085 
26691 
13900 
19180 
15405 
13172 
3816 
41037 
29539 
33047 
5962 
42085 
10115 
14484 
16051 
5486 
3862 
826 
9581 
41685 
9972 
28310 
21226 
41067 
7294 
3180 
22152 
33984 
17079 
14656 
3163 
27075 
30061 
16335 
30890 
45873 
13937 
28225 
1835 
6022 
38340 
16319 
22072 
43825 
20181 
3405 
48194 
14582 
13377 
42892 
34603 
186 
37782 
31658 
34169 
4860 
46314 
37332 
31935 
26374 
3667 
12825 
47472 
49540 
26761 
25696 
1374 
32783 
14036 
17692 
4855 
7861 
37872 
27752 
11266 
36066 
42334 
24642 
4505 
9244 
14011 
35410 
45669 
19579 
1885 
41983 
33820 
18357 
10578 
15828 
10117 
23405 
41524 
11491 
6187 
5559 
29183 
11041 
13419 
38792 
24684 
3120 
31126 
49325 
16351 
8569 
21636 
1761 
5593 
17304 
21340 
7478 
9286 
28250 
41297 
27643 
38828 
37941 
43470 
11345 
10435 
17531 
40552 
39618 
3970 
17363 
28654 
9792 
27978 
17417 
14839 
36547 
16599 
42140 
6356 
37938 
49617 
15642 
16188 
40914 
43284 
5016 
28855 
36753 
3960 
40199 
21746 
14395 
7730 
12297 
4012 
36301 
3664 
44920 
37892 
16990 
9444 
26943 
33589 
1584 
33299 
21527 
48940 
37715 
42114 
42224 
42730 
20968 
28977 
722 
13019 
15095 
5196 
29286 
25779 
8859 
24206 
46254 
11011 
47104 
28000 
6547 
11589 
8130 
44386 
33115 
9330 
43326 
1444 
35549 
13559 
14525 
10247 
33578 
15247 
21330 
28266 
36425 
7669 
7552 
12203 
16528 
31757 
8457 
27538 
28860 
5538 
35407 
17127 
43537 
48075 
241 
2867 
41401 
21070 
4310 
26950 
34628 
26721 
41475 
44875 
10299 
6721 
34987 
2629 
42538 
14832 
36969 
23288 
14507 
3154 
15889 
20044 
38561 
19578 
37170 
32097 
17653 
37411 
9053 
8481 
39273 
36002 
43109 
15994 
27476 
37983 
26292 
34197 
4187 
39064 
19184 
6816 
9504 
11722 
21647 
36016 
44935 
10979 
39170 
10824 
31022 
27730 
30401 
18192 
48053 
5603 
44789 
7105 
14083 
43107 
55 
20582 
45174 
4779 
49361 
15410 
23962 
24914 
35683 
21698 
22758 
32363 
33581 
13981 
31577 
48422 
12034 
37180 
19139 
1263 
27271 
12245 
8454 
27325 
32827 
3627 
3671 
37605 
19080 
11567 
9164 
47249 
36987 
15378 
18947 
9745 
29814 
43325 
11126 
18410 
7306 
42703 
16832 
19339 
29882 
10042 
38478 
31144 
37312 
39597 
14637 
33548 
43223 
18307 
21153 
46211 
37387 
32719 
5374 
31379 
29968 
42361 
46757 
48915 
2105 
44498 
28728 
45430 
5623 
47138 
2736 
48325 
13969 
22075 
28206 
24010 
10552 
11322 
11273 
48946 
25958 
42169 
44265 
15973 
38379 
31651 
48692 
43753 
13030 
9786 
27573 
4283 
6301 
9906 
3438 
8231 
17407 
36437 
41417 
19008 
45786 
2738 
30280 
44731 
28696 
25101 
36900 
22960 
41073 
25279 
4610 
39765 
17639 
18423 
5145 
27425 
45996 
2297 
41613 
5735 
13392 
23141 
21848 
36280 
14558 
40856 
32065 
17295 
21136 
26796 
45991 
46236 
13696 
18950 
37309 
38974 
23559 
8005 
13149 
18623 
41492 
6511 
330 
43788 
33520 
41943 
49522 
41786 
22663 
18759 
37221 
9615 
10130 
36926 
26985 
621 
19455 
14293 
39594 
43014 
41366 
47599 
34212 
36861 
10747 
2834 
28352 
17257 
3164 
22140 
777 
21661 
47688 
36892 
44324 
16447 
31545 
26061 
25087 
36060 
6810 
12012 
36565 
33794 
12633 
6019 
48087 
2227 
49033 
39452 
49825 
33244 
26312 
10571 
36078 
4664 
27828 
39241 
26803 
28604 
34346 
48464 
21237 
42788 
36194 
24332 
18798 
11280 
10391 
25607 
23291 
46955 
35923 
2974 
38149 
2006 
46939 
37974 
35250 
23251 
48545 
21327 
27914 
26372 
10567 
4717 
4976 
31267 
16150 
45967 
24005 
2343 
42803 
13622 
30689 
36913 
27810 
22836 
35298 
32623 
32236 
17872 
5487 
47502 
39199 
33401 
23874 
49766 
38117 
28850 
44679 
10828 
37264 
34121 
13171 
7562 
26923 
26792 
38250 
45332 
13704 
15893 
23142 
36539 
46509 
8439 
47523 
29132 
46481 
47003 
46161 
36202 
29562 
17856 
35968 
17679 
46705 
30646 
8975 
6821 
46238 
40941 
4644 
3800 
17864 
31435 
42049 
13195 
45139 
7941 
36336 
31678 
4450 
44775 
29201 
35449 
25682 
30584 
31610 
16786 
11171 
37519 
34223 
33398 
37824 
41043 
34062 
31984 
29515 
37861 
49847 
10949 
29909 
6088 
37850 
37766 
42300 
16967 
25880 
29601 
42648 
6463 
11210 
12311 
23248 
22381 
49829 
26001 
1229 
34052 
9399 
25094 
34269 
23114 
7078 
10975 
6925 
24732 
19966 
30820 
19343 
18586 
21032 
13495 
35552 
43095 
28199 
3375 
4304 
40509 
26684 
40338 
2623 
27913 
12021 
16965 
49483 
46290 
40079 
6560 
10073 
1053 
13485 
34805 
41936 
33450 
20669 
2793 
34210 
41700 
16287 
19761 
38612 
9381 
47960 
41986 
13684 
38469 
18608 
40368 
21231 
18280 
3195 
2677 
29542 
25323 
9237 
39614 
26375 
22721 
24419 
18310 
40043 
38978 
8963 
24252 
25249 
19289 
34630 
41972 
11275 
30440 
29883 
38681 
9245 
1114 
6960 
12439 
34365 
42204 
15116 
13906 
17526 
24352 
3520 
43901 
47073 
27938 
12210 
3243 
17981 
1188 
12206 
42232 
31866 
36245 
1155 
22084 
28216 
12429 
20397 
8655 
17900 
30339 
27790 
8240 
45455 
41695 
19807 
45214 
19666 
16879 
23152 
31876 
20122 
41132 
33064 
32328 
33364 
14929 
19782 
19608 
16084 
41866 
47824 
12262 
6479 
20824 
21339 
24379 
14249 
37375 
42038 
45615 
171 
33733 
21381 
19977 
28946 
41046 
36856 
2098 
22922 
6978 
43230 
39305 
26593 
9087 
46201 
36998 
952 
44025 
13214 
503 
36335 
34552 
24881 
583 
21927 
42621 
17541 
29769 
26353 
38921 
49746 
5299 
29967 
36601 
7396 
2889 
8874 
32884 
27218 
29789 
41971 
23419 
42922 
17443 
32297 
6136 
17946 
18631 
40687 
42826 
19213 
12614 
22423 
11833 
30154 
2191 
38185 
19075 
1936 
43483 
49041 
38537 
1930 
32116 
1504 
10804 
14999 
40592 
6969 
2140 
7378 
49891 
19583 
6026 
37528 
8304 
46713 
30354 
27517 
2776 
39480 
4967 
27534 
8554 
6903 
21017 
45440 
21895 
9525 
27556 
23398 
20328 
10919 
49523 
4259 
18296 
49414 
23841 
7969 
5439 
11368 
16273 
41721 
43789 
11478 
44497 
33138 
957 
49464 
10671 
9511 
6367 
17106 
1807 
3582 
26630 
29362 
26980 
46957 
21915 
29099 
7876 
21438 
33357 
26171 
20851 
7198 
34140 
26290 
18565 
412 
10286 
39919 
4783 
27338 
40876 
4246 
38009 
10613 
19696 
17492 
12419 
23278 
44121 
41780 
258 
41078 
13695 
29356 
48953 
35132 
12713 
25124 
5983 
19910 
9263 
32272 
38475 
9675 
10713 
48761 
3876 
631 
41506 
7789 
19221 
38917 
12194 
3504 
22599 
12452 
44582 
36294 
41807 
43535 
21425 
4520 
18658 
27408 
24430 
9679 
12904 
37596 
20391 
11664 
41471 
21021 
15207 
22684 
12527 
22996 
41905 
4418 
41397 
30821 
13801 
22216 
43015 
17305 
44815 
5466 
11886 
31108 
47273 
5420 
2533 
1793 
24077 
29940 
26222 
39126 
39593 
10009 
789 
31064 
31030 
15996 
3747 
43556 
38991 
47974 
30387 
26471 
11774 
2603 
19486 
29078 
47417 
24952 
40964 
28524 
22224 
46383 
31056 
24016 
20460 
10996 
22458 
39363 
12050 
10622 
43113 
41651 
6147 
46859 
35207 
45138 
42510 
33181 
18980 
44954 
28127 
38466 
24032 
25543 
13417 
14996 
35640 
11379 
9656 
31839 
46118 
9893 
4296 
46731 
16346 
39407 
9459 
49003 
45553 
6318 
40690 
17390 
16214 
17807 
12344 
44340 
6272 
36376 
19883 
19688 
23949 
5328 
12750 
9071 
14984 
44588 
5188 
48883 
1918 
24132 
15228 
9270 
24686 
8273 
9091 
31003 
42482 
49781 
29830 
9872 
15995 
47636 
22215 
10335 
8591 
30217 
23595 
9961 
4165 
22711 
13235 
43907 
17298 
18783 
16180 
20340 
42915 
31408 
29610 
6452 
6094 
15543 
37097 
30364 
15323 
16926 
40236 
31317 
14562 
12450 
18469 
21040 
21867 
42064 
31001 
20986 
3711 
39266 
21009 
7688 
33675 
37189 
28028 
26589 
7637 
33041 
24690 
45519 
48584 
11787 
25883 
28713 
16118 
45223 
43274 
28568 
36873 
11742 
8740 
3806 
30608 
34771 
24791 
34319 
5327 
31725 
42515 
9752 
49947 
11111 
32988 
35801 
12908 
31571 
47587 
38791 
45476 
4909 
40699 
19573 
33476 
27571 
31314 
33083 
36311 
35120 
13691 
21082 
48010 
45119 
49593 
26843 
22951 
45851 
36595 
6962 
3984 
5884 
40348 
5682 
16647 
10590 
36219 
44065 
1199 
17533 
27148 
37510 
2652 
40838 
12562 
38847 
3710 
12155 
42183 
30553 
35105 
17147 
44995 
13885 
37756 
38021 
1339 
28104 
44750 
4291 
7897 
30968 
48356 
48501 
25503 
46605 
13713 
5187 
8906 
25867 
47370 
39458 
10971 
35403 
6604 
18972 
30397 
27734 
32857 
18153 
15754 
34196 
9455 
18465 
41006 
13746 
26361 
21974 
35456 
32061 
21625 
3943 
37257 
35338 
9129 
46162 
11204 
35619 
22175 
41901 
42223 
41147 
22298 
19956 
24004 
40451 
35710 
8199 
36706 
45165 
27712 
8910 
3024 
49685 
38480 
20158 
20540 
41783 
12555 
7797 
27120 
21684 
3958 
38324 
28183 
39577 
10498 
31800 
1645 
42381 
25648 
32831 
37465 
19537 
47248 
41538 
13533 
12548 
2012 
17091 
21161 
22552 
8873 
33716 
5400 
34306 
24316 
33582 
3665 
36459 
7437 
12106 
28875 
44901 
45952 
48412 
27530 
6461 
45659 
19068 
19993 
42592 
31616 
22005 
9682 
44557 
18554 
36491 
24905 
41891 
9210 
28863 
33093 
29136 
38775 
134 
25181 
12240 
41112 
8192 
2467 
18641 
14652 
48126 
37708 
40717 
19324 
6649 
398 
22099 
18952 
8590 
26110 
23498 
480 
35320 
2360 
25952 
18412 
16036 
5088 
7186 
16170 
30268 
3397 
28409 
34323 
36600 
36790 
1252 
34915 
35896 
25631 
20180 
26028 
42278 
43750 
44980 
19859 
18477 
1348 
5178 
20837 
27299 
23590 
36872 
32386 
30776 
3041 
12654 
34172 
31450 
28680 
18050 
33766 
19301 
18680 
42684 
44310 
12864 
20338 
5142 
41490 
15317 
6009 
11349 
33793 
16527 
4630 
34655 
41501 
17040 
20891 
44542 
29694 
5063 
25992 
26670 
33742 
44041 
25569 
13341 
29114 
18253 
18537 
23424 
31117 
16277 
43761 
36258 
7767 
9078 
42267 
19115 
42870 
49622 
35642 
34277 
25757 
39001 
1317 
46648 
33543 
31010 
1710 
9534 
35452 
3574 
11020 
16915 
47227 
29273 
35451 
20650 
10389 
1728 
14411 
46647 
9494 
23488 
38913 
28609 
38534 
14250 
13857 
22811 
2857 
24127 
36655 
36399 
38365 
12814 
23816 
49506 
30927 
34836 
16420 
28153 
14108 
1871 
48802 
24497 
3598 
13213 
21143 
13092 
36700 
10055 
3057 
48589 
5950 
16913 
21400 
45956 
19770 
32610 
6169 
661 
20974 
2101 
13475 
1606 
44401 
18026 
22553 
19897 
21355 
18229 
34567 
39372 
36586 
21266 
49427 
28286 
24323 
48016 
34235 
41236 
30191 
11005 
12800 
17174 
15601 
19274 
29075 
28563 
20880 
23475 
8187 
38906 
1919 
8802 
17382 
20148 
1948 
9520 
18882 
23214 
8946 
47168 
47537 
31402 
38772 
26376 
11592 
49777 
41316 
24392 
16950 
6916 
8166 
36223 
35990 
36728 
7103 
9465 
44915 
46008 
5492 
46834 
4809 
22873 
16982 
24821 
26501 
5987 
48035 
35447 
45571 
42409 
34343 
18785 
46148 
34119 
10100 
1069 
17016 
28705 
37292 
3006 
15433 
44394 
12470 
10348 
40401 
40834 
24163 
32314 
15655 
664 
38301 
13689 
36110 
28518 
26010 
43602 
47303 
22158 
27721 
42697 
28789 
24418 
21402 
16080 
27424 
36835 
10473 
47182 
874 
7855 
4363 
46083 
48689 
28397 
14343 
29189 
16697 
28031 
15299 
43817 
34162 
30893 
41119 
48521 
49016 
37402 
22938 
20417 
3482 
362 
7252 
40255 
4433 
14828 
48109 
8796 
10910 
46797 
37321 
39306 
11139 
16510 
6003 
14154 
26461 
25624 
48315 
7353 
16742 
4633 
15966 
3649 
3367 
38200 
24066 
6849 
28815 
35750 
35630 
26924 
44546 
46540 
23721 
34860 
48375 
41848 
30183 
6001 
490 
5806 
4316 
7842 
22547 
23807 
37809 
12597 
27174 
26009 
36662 
34022 
14569 
17979 
4825 
43384 
3728 
40454 
20308 
48273 
36993 
44028 
30139 
22838 
28887 
28514 
14686 
2916 
8696 
14501 
25001 
11247 
37048 
33949 
24856 
46546 
12228 
864 
33207 
46249 
1185 
1074 
4913 
41527 
29124 
3185 
28520 
1358 
2038 
11837 
4954 
36729 
8358 
35032 
19605 
22079 
45678 
4659 
46935 
16886 
47799 
25430 
13231 
14208 
22047 
1170 
34712 
34254 
24321 
18035 
35612 
26359 
1655 
31312 
402 
38383 
39670 
112 
9274 
7513 
45790 
13932 
4447 
30818 
2245 
43952 
40057 
8160 
37523 
21584 
6295 
48148 
13013 
24329 
4200 
20682 
4601 
23796 
40035 
23908 
47547 
19698 
33557 
1994 
7711 
14375 
4238 
8327 
16486 
7236 
32794 
30379 
45928 
39088 
8941 
12285 
48312 
17616 
47698 
18994 
22217 
21494 
29345 
45401 
48970 
9798 
15098 
32527 
11791 
22809 
46901 
16029 
43961 
5227 
21712 
42978 
37964 
2091 
27052 
47846 
40468 
42901 
46158 
8084 
40599 
12092 
42552 
43465 
22590 
14140 
45398 
22891 
30168 
28118 
15909 
49830 
8887 
32493 
1920 
9544 
12 
25437 
8096 
16035 
6945 
38397 
28126 
1440 
30948 
35618 
44904 
33297 
8207 
20894 
3605 
43785 
27603 
21903 
43512 
2398 
19985 
23652 
190 
29529 
29541 
31624 
37621 
37636 
47659 
44566 
25784 
46005 
6980 
11402 
40908 
40276 
37712 
23213 
5587 
16177 
27489 
8826 
49221 
11224 
22872 
11413 
3182 
29059 
7239 
32723 
10682 
44860 
20358 
8340 
46390 
34124 
35430 
3369 
45525 
15133 
38139 
31356 
38346 
43726 
46670 
4522 
21215 
8191 
20435 
16719 
31844 
28132 
35026 
22364 
35371 
17748 
30230 
38105 
41386 
34495 
25510 
5084 
37864 
21034 
31421 
31509 
36167 
19560 
29034 
34500 
15029 
37224 
4934 
31748 
48240 
9879 
4093 
20604 
45249 
3650 
25479 
9945 
45035 
45133 
44439 
20544 
217 
32302 
41578 
31637 
13810 
27745 
26674 
2257 
14481 
36208 
31291 
48981 
18515 
3914 
32984 
2154 
42863 
41674 
22757 
38112 
13513 
26406 
13590 
23458 
8723 
41985 
8939 
198 
33562 
14008 
11307 
41772 
40681 
6253 
26889 
44853 
5233 
28125 
13368 
11109 
11300 
3972 
42623 
34057 
42083 
10463 
29593 
31903 
14396 
47489 
23887 
23335 
47686 
7449 
13911 
11693 
18755 
2374 
32318 
11934 
29262 
17167 
40538 
26313 
18496 
41487 
37612 
34109 
40245 
32131 
14033 
34619 
17325 
37920 
7953 
15011 
21864 
26703 
14124 
27545 
29077 
39479 
8339 
23611 
6646 
15725 
14148 
32958 
34221 
5635 
20570 
6688 
39743 
42238 
29987 
24368 
41460 
38401 
26078 
17148 
26321 
34031 
21689 
5895 
8861 
35812 
33439 
37937 
32252 
22918 
29563 
12000 
20011 
12521 
25645 
33090 
2907 
15387 
25328 
24144 
45374 
49696 
15604 
45197 
38096 
41682 
14416 
25713 
36105 
31607 
3364 
21916 
15046 
41301 
4168 
37963 
37575 
10030 
49575 
30040 
30046 
45795 
5684 
13136 
48702 
21071 
38463 
16445 
38158 
38449 
11642 
26254 
30131 
23987 
40670 
5843 
18490 
21853 
48690 
2495 
728 
12887 
7983 
42927 
38029 
46096 
48611 
1164 
44797 
19681 
36126 
27784 
6091 
47767 
36221 
21753 
44706 
40242 
21480 
29513 
20169 
32007 
23025 
22465 
25974 
35912 
30447 
26276 
28838 
18476 
22372 
27448 
19639 
17168 
47129 
9265 
34810 
33254 
37049 
40901 
31021 
41085 
27121 
2774 
43016 
7270 
48696 
5110 
27439 
30703 
464 
3167 
6330 
36375 
33614 
32606 
15212 
2089 
4977 
21728 
22145 
39788 
30993 
6954 
23042 
18041 
47854 
4062 
9125 
24975 
6835 
44916 
44159 
49850 
2186 
42855 
29624 
23558 
35316 
30087 
26724 
16461 
10338 
24251 
31673 
12427 
29227 
24333 
34155 
14121 
15147 
37162 
33187 
6179 
41224 
31154 
48059 
37227 
25312 
47909 
2868 
38183 
18448 
29828 
15584 
28785 
4079 
41212 
33306 
21589 
25366 
34676 
35709 
40512 
43001 
22870 
23698 
49180 
14094 
16009 
30333 
12152 
3236 
10060 
23811 
12928 
11684 
1111 
10806 
30939 
26389 
12766 
35017 
23645 
18322 
45233 
29342 
2998 
30942 
19853 
3812 
43551 
45177 
17905 
9560 
40117 
5444 
4964 
3044 
20498 
4154 
27933 
4478 
35092 
4321 
17243 
20109 
27966 
21220 
38430 
23199 
561 
41428 
4140 
20414 
37426 
7951 
13964 
25855 
23524 
8112 
5911 
36319 
41762 
44229 
14726 
36821 
19204 
38317 
41141 
36446 
8425 
19107 
7666 
46855 
8226 
38282 
46444 
28639 
25707 
4395 
42603 
8310 
30249 
16126 
16421 
36160 
2444 
5686 
32187 
44206 
49915 
31258 
3094 
14640 
34482 
39914 
33844 
22798 
31054 
20290 
31223 
161 
27955 
42465 
16359 
38909 
14819 
42066 
43303 
7422 
23552 
16796 
9712 
22481 
23156 
23289 
37036 
7638 
20879 
30435 
44256 
41168 
44417 
19122 
39734 
36881 
6092 
25789 
19092 
27541 
42643 
1088 
15327 
2355 
27079 
37808 
47274 
10203 
17409 
20563 
47238 
25046 
33765 
5481 
28021 
9284 
17138 
22437 
28405 
9317 
33707 
12963 
35106 
3826 
11120 
4198 
31367 
9652 
46840 
32455 
24978 
49195 
9533 
12786 
43447 
6807 
10855 
27369 
35900 
38342 
41381 
39154 
47625 
8518 
11590 
26030 
15389 
20907 
9736 
28351 
6013 
39471 
10210 
44929 
49122 
7050 
27383 
24100 
6244 
36915 
36885 
49691 
43721 
21090 
30098 
46445 
32223 
18439 
37826 
21377 
16064 
46343 
32967 
42094 
11731 
3873 
1830 
40081 
9886 
15391 
29552 
20096 
10320 
28673 
2772 
33390 
24617 
39656 
33081 
18338 
49528 
43626 
39427 
40070 
21650 
48064 
27895 
43026 
6220 
29865 
8049 
26049 
23440 
5600 
9847 
36992 
21461 
37044 
20382 
46078 
26699 
14415 
26227 
47087 
3842 
5851 
37157 
25491 
15052 
18517 
39289 
44509 
24260 
24373 
32309 
1305 
5749 
6905 
23970 
39507 
41177 
10962 
28220 
7045 
4918 
21460 
31145 
31890 
25301 
36995 
19047 
792 
40909 
34098 
19308 
8949 
23386 
13816 
33209 
38189 
15518 
2312 
6851 
26282 
10773 
48027 
37243 
21741 
26246 
18585 
31164 
3389 
12308 
35279 
25545 
49303 
4325 
40211 
38422 
45645 
49160 
11808 
9461 
10450 
47649 
47887 
10396 
19152 
17247 
26242 
29925 
15273 
1665 
41519 
30450 
22683 
30694 
34990 
6239 
34293 
25059 
32575 
24504 
13480 
23664 
25288 
37680 
6032 
35737 
35328 
3918 
46132 
35289 
13378 
11530 
2994 
28651 
25014 
7081 
42852 
42537 
15801 
13271 
22040 
12134 
38329 
4615 
32834 
10301 
27096 
20513 
16333 
12832 
5841 
20250 
41129 
43320 
22342 
2659 
992 
27672 
972 
34753 
14012 
27290 
1880 
41853 
40561 
23919 
3987 
28889 
28534 
40624 
11367 
924 
7794 
31880 
17256 
20625 
37721 
29589 
30825 
31508 
27139 
2922 
9180 
28110 
24083 
43932 
14189 
38094 
21221 
29947 
11781 
39987 
33933 
18520 
24556 
21368 
29887 
29161 
11766 
42734 
49786 
30240 
29374 
28336 
11065 
31304 
9843 
38203 
34225 
19022 
16312 
30500 
46401 
34175 
46568 
26347 
36554 
5074 
10313 
37153 
46726 
36938 
46212 
33286 
24547 
44350 
47615 
34390 
32553 
31840 
3412 
48864 
40147 
36548 
540 
25931 
12894 
12484 
23173 
33120 
17557 
8007 
18320 
28265 
49242 
21367 
15202 
4653 
20001 
29129 
4390 
31555 
10969 
7802 
30418 
1115 
24167 
9782 
37663 
24706 
