## Router simulation
## this router has N=3 ports
Ports 50
## each line represents the queue for a single input port
## each number represents the destination of the packet
37 17 7 40 5 24 14 44 14 26 36 24 16 11 31 16 49 8 30 43 18 46 21 8 16 14 3 36 32 25 35 19 43 42 8 47 17 24 43 31 49 30 4 16 40 36 31 41 43 13 
33 11 10 3 20 27 18 22 15 50 48 49 18 41 40 27 39 9 50 33 39 50 12 42 16 4 29 46 46 22 10 28 34 20 32 3 48 49 24 12 48 24 11 17 14 2 46 4 10 45 
39 48 47 50 41 12 5 20 9 50 43 19 27 26 40 10 28 37 9 3 49 8 26 11 27 41 12 22 47 22 18 35 21 14 34 14 27 39 33 36 38 27 6 17 2 47 26 29 35 36 
33 35 44 11 45 22 1 9 43 47 32 12 31 2 28 17 15 4 7 49 41 44 25 48 12 28 44 38 8 31 25 41 15 20 1 12 41 3 20 35 2 1 49 34 4 26 50 21 31 8 
21 22 2 48 21 15 25 17 4 33 47 29 25 13 48 27 24 41 29 45 25 32 45 23 16 1 50 17 21 31 25 43 2 28 40 22 42 15 40 46 49 36 26 23 49 23 49 24 13 29 
19 40 11 15 14 28 15 14 44 37 44 18 30 47 45 19 20 37 35 10 34 33 45 9 7 45 33 7 19 46 36 39 37 48 3 50 27 18 13 20 4 6 38 35 2 34 4 22 20 38 
31 5 21 27 13 29 22 46 36 42 43 23 30 29 22 32 28 48 1 43 17 7 48 6 41 2 40 46 25 11 34 7 16 6 33 28 34 6 25 21 49 17 43 28 47 16 12 27 13 14 
19 30 22 18 37 15 21 26 10 45 37 45 3 2 50 38 31 36 43 6 8 44 24 3 23 21 18 36 47 31 50 17 12 23 34 48 37 7 24 47 1 12 41 4 13 43 41 45 30 35 
50 37 30 24 39 3 46 7 38 44 39 39 10 50 12 45 49 50 1 24 46 4 35 39 9 49 33 1 44 12 37 43 50 17 18 41 21 15 47 8 8 37 49 19 36 12 16 36 11 18 
10 9 21 44 47 29 43 31 31 38 42 18 30 41 34 50 31 6 16 29 15 24 17 13 44 4 26 9 40 39 27 49 47 49 44 45 30 38 25 10 25 18 27 7 10 12 6 41 17 21 
21 32 46 38 46 40 43 22 50 32 10 28 30 8 27 26 2 6 13 28 17 38 45 46 44 4 7 1 46 26 21 19 9 19 8 4 10 50 27 11 32 38 39 13 45 17 38 48 24 1 
25 40 40 21 35 33 25 44 33 22 21 5 40 29 23 47 32 34 47 11 45 30 48 33 42 45 1 32 42 24 34 17 15 23 37 2 5 13 45 39 35 15 43 24 45 18 23 28 1 21 
38 45 50 38 29 43 32 31 24 23 4 7 41 21 31 30 22 35 44 18 23 28 34 18 4 28 35 28 5 35 48 45 32 47 32 12 41 13 43 17 35 48 25 28 18 6 7 41 40 2 
10 15 30 43 32 35 22 16 12 27 2 9 23 35 7 4 47 47 16 39 15 2 36 40 31 6 45 39 48 36 41 8 50 20 2 33 6 24 50 17 2 2 27 24 36 33 27 34 31 44 
22 46 47 10 35 28 17 31 16 16 16 6 23 18 27 27 50 32 50 2 48 3 3 26 28 40 8 4 26 41 49 47 38 45 8 22 22 26 4 40 42 19 45 14 36 22 40 38 5 41 
39 3 45 43 30 22 32 38 27 9 30 25 6 17 22 15 40 45 41 43 34 34 11 29 49 49 2 41 36 6 31 24 10 26 16 40 49 49 29 26 8 8 50 15 26 23 31 15 18 23 
9 1 6 19 31 5 19 34 45 4 42 25 29 1 2 44 42 1 45 20 28 4 29 29 20 4 2 50 20 19 23 28 21 28 49 4 32 17 39 26 23 30 3 1 33 6 47 24 8 41 
46 35 46 26 14 15 32 17 14 1 37 38 31 9 16 29 12 49 47 3 27 19 32 31 22 16 36 18 42 46 10 37 32 5 14 47 21 45 13 34 48 49 22 28 10 39 8 23 37 6 
25 13 25 9 43 46 24 31 15 15 28 24 1 11 30 17 8 50 11 22 35 8 23 8 37 32 46 46 4 35 2 29 49 28 37 44 23 10 26 39 27 3 12 29 13 43 45 22 42 6 
46 26 15 18 36 4 1 31 49 4 17 2 34 16 29 22 9 1 34 34 41 10 38 2 38 2 44 33 24 37 40 19 15 4 38 50 9 38 32 8 41 49 9 27 14 38 48 24 40 31 
7 31 40 44 34 30 45 30 12 20 16 1 40 30 6 27 31 15 14 13 24 7 13 34 33 28 23 32 1 15 13 9 47 4 2 32 33 48 11 44 20 29 46 9 10 4 38 41 20 3 
5 43 9 19 28 43 46 1 25 46 17 39 6 13 42 9 44 27 6 7 22 27 35 18 38 44 23 25 36 42 27 40 36 38 8 13 30 5 15 6 2 31 46 7 43 40 15 39 16 23 
45 37 49 29 6 36 24 30 12 10 21 39 1 6 26 9 21 7 15 35 15 17 16 12 23 10 1 38 50 18 10 44 7 10 24 14 48 50 44 9 9 14 47 9 22 24 19 42 33 34 
26 49 50 43 10 22 5 13 11 4 30 22 50 36 32 25 50 31 24 45 39 32 8 38 43 31 11 11 22 45 44 50 45 45 44 5 19 48 19 29 4 48 3 3 36 36 29 37 16 3 
31 4 36 40 41 28 23 4 41 46 48 36 47 45 31 41 49 49 40 19 29 43 18 33 47 3 18 28 41 33 30 23 39 17 15 29 45 37 34 37 32 34 22 29 28 2 21 28 2 10 
46 33 5 13 15 3 18 35 30 8 17 9 33 7 28 47 38 24 33 21 10 16 6 31 46 33 35 16 12 38 28 7 20 34 22 37 36 39 21 16 48 39 26 30 46 3 28 33 26 12 
5 35 30 11 18 25 45 2 43 7 39 22 13 11 5 36 47 40 24 17 7 24 5 33 5 2 37 33 36 15 46 41 1 25 1 18 50 45 21 44 1 10 15 16 22 19 1 18 8 27 
36 15 2 42 49 6 44 35 40 29 49 36 21 50 10 21 17 9 18 40 2 20 49 16 35 20 36 38 39 44 16 26 10 17 17 8 24 12 42 14 41 43 49 13 42 10 34 10 19 3 
49 22 22 49 40 9 20 25 48 10 20 13 35 29 31 2 38 4 13 30 17 5 24 17 18 17 27 3 28 47 7 29 20 30 29 11 38 49 38 37 10 7 49 45 38 31 48 25 35 12 
6 3 19 29 20 38 45 46 42 25 44 48 3 13 27 31 24 17 31 11 3 41 17 4 37 6 34 36 31 18 47 38 23 17 17 42 4 13 39 45 39 32 42 41 44 21 24 19 37 4 
29 39 46 48 42 34 3 28 19 35 47 18 23 19 34 41 10 38 5 50 34 44 31 28 34 27 48 7 45 34 13 26 24 10 23 18 44 27 45 14 14 41 31 36 12 15 28 23 4 32 
23 39 25 3 16 11 31 13 19 26 48 33 3 22 43 25 39 38 3 35 1 16 27 34 3 38 50 30 11 5 14 35 43 38 39 9 50 20 21 19 47 19 1 49 42 45 25 30 34 29 
16 35 45 42 20 49 30 19 31 42 23 44 26 15 33 16 25 33 35 46 3 33 16 5 33 7 50 7 38 35 36 3 21 32 46 40 30 27 10 10 18 34 3 45 1 38 13 25 20 47 
22 24 32 37 28 14 45 29 21 34 14 8 38 34 39 34 26 20 10 35 32 28 19 36 24 19 23 36 43 44 35 15 17 16 3 45 29 50 25 1 33 40 10 21 24 50 4 1 20 15 
35 1 44 5 36 18 23 9 5 18 4 41 34 21 6 38 17 37 37 41 39 22 31 49 42 6 48 47 6 19 11 42 19 5 47 7 24 21 17 30 40 20 21 23 40 28 11 8 16 49 
1 5 20 33 5 13 38 4 9 45 23 22 38 43 28 34 49 1 7 15 32 46 37 2 19 28 30 31 36 45 29 36 1 1 18 7 13 7 11 24 3 33 45 40 25 24 24 26 26 32 
40 7 27 28 9 45 6 40 27 41 36 8 28 39 8 45 45 20 3 5 45 5 37 39 44 14 14 19 39 39 50 30 46 27 8 6 23 13 45 2 5 32 9 32 20 16 26 15 37 28 
21 32 32 8 22 27 23 36 46 13 24 45 42 21 23 49 26 48 13 22 49 17 6 7 48 25 24 25 41 10 2 12 41 35 21 15 12 43 50 9 5 25 5 48 48 30 49 25 27 11 
49 25 28 4 33 27 30 6 2 21 15 5 32 8 40 4 24 3 46 23 11 2 49 17 49 46 46 47 21 22 10 19 48 37 24 30 15 3 35 16 23 2 21 6 11 10 9 34 14 6 
8 26 9 6 42 8 4 38 6 26 11 15 46 9 3 19 40 18 23 27 35 48 30 5 3 40 16 14 25 29 21 34 6 30 41 48 39 44 37 44 21 47 11 16 7 13 36 47 32 9 
23 17 6 2 21 10 43 39 25 19 19 46 2 25 25 42 22 13 38 8 8 8 6 18 24 15 33 11 13 16 21 37 32 26 40 5 38 32 43 12 2 11 9 3 35 33 44 8 47 31 
17 5 39 25 24 14 39 6 26 3 22 47 39 5 24 28 9 11 11 3 25 12 16 35 14 2 20 9 12 16 42 28 22 32 4 46 47 42 1 22 46 24 18 34 29 42 11 39 4 23 
44 30 34 11 15 49 14 36 10 25 1 1 5 23 34 8 18 30 2 20 1 47 46 21 31 26 14 43 14 19 16 9 49 1 19 15 50 33 50 11 9 2 11 13 26 44 21 43 25 22 
15 25 20 12 45 50 37 10 45 50 29 10 11 29 12 29 43 13 13 44 23 22 47 33 34 23 28 6 17 2 27 31 29 47 42 25 48 28 35 42 30 13 3 40 41 15 20 35 27 35 
30 50 6 26 34 41 48 14 47 15 17 25 47 47 23 41 22 21 20 8 14 49 22 19 40 14 35 12 50 11 46 29 12 3 4 48 43 4 13 41 18 31 16 16 28 40 6 1 12 26 
8 26 26 31 46 18 44 30 31 43 42 26 21 4 30 26 3 24 29 15 15 48 45 32 16 24 21 21 24 33 48 31 10 24 13 5 43 6 36 23 50 27 50 22 32 31 48 34 4 28 
50 20 28 47 1 43 20 24 13 44 6 13 26 17 36 41 23 30 46 8 4 46 34 3 17 16 33 16 1 38 46 1 8 23 49 8 15 18 33 29 13 40 41 41 6 28 33 28 9 28 
35 12 25 19 14 44 36 48 9 36 36 6 38 45 28 36 4 44 6 37 25 20 26 15 12 32 45 44 11 3 24 48 15 48 18 30 43 3 30 4 40 17 9 28 11 37 15 14 32 20 
2 6 42 28 23 5 11 17 49 21 21 22 18 37 21 35 19 14 39 48 19 29 16 27 8 26 15 22 41 47 44 43 2 35 22 26 41 32 42 39 4 15 12 24 1 35 10 19 50 49 
18 18 29 35 44 36 10 11 7 3 7 2 47 10 38 18 36 29 49 29 17 4 43 31 27 46 15 37 16 14 37 34 31 15 20 26 50 30 36 8 34 44 10 30 6 47 47 43 25 47 
##Generated randomly 
#END OF SIMULATION DATA (needs this additional line as comment)