## Router simulation
## this router has N=3 ports
Ports 128
## each line represents the queue for a single input port
## each number represents the destination of the packet
64 22 63 21 109 29 87 38 82 118 9 14 11 95 53 42 107 88 8 18 50 33 68 97 112 50 126 50 79 103 37 15 124 100 35 104 128 121 13 81 110 21 94 121 115 18 34 93 105 42 111 26 74 50 122 57 99 119 107 50 93 15 64 88 114 98 63 113 90 75 65 71 96 30 63 82 47 97 47 24 10 29 49 83 78 43 11 48 33 117 97 126 4 32 85 117 1 20 102 90 94 38 33 61 68 95 15 114 63 61 9 72 89 58 26 38 100 37 85 4 25 54 1 28 85 86 17 86 
105 118 47 70 27 79 3 94 46 17 80 108 77 88 52 37 17 77 74 116 113 30 120 10 83 120 37 40 77 53 125 53 42 43 123 69 122 125 34 39 13 113 18 89 73 69 125 89 18 70 77 2 99 68 11 54 59 48 93 8 100 89 60 14 3 54 82 124 50 115 34 62 100 52 22 44 120 18 4 9 87 80 11 58 19 21 111 78 68 75 85 40 35 16 53 37 70 6 33 119 120 66 53 91 117 74 6 109 92 10 117 50 89 127 107 108 20 89 57 87 35 13 126 69 28 50 106 97 
55 10 88 47 75 12 9 64 85 15 44 48 24 32 98 112 31 76 91 50 37 19 8 71 31 6 12 59 55 117 27 110 126 114 28 72 125 36 7 82 50 50 1 73 82 98 57 112 46 19 33 82 38 40 24 68 45 35 126 100 23 25 81 20 10 108 92 7 15 98 88 65 20 88 9 101 58 65 84 103 84 116 56 121 27 79 60 72 114 58 43 8 82 123 28 91 102 119 97 116 88 56 52 107 16 61 79 73 125 34 47 80 21 102 72 48 52 4 119 37 61 33 45 14 27 72 104 128 
62 73 115 21 128 39 128 15 99 78 87 95 112 5 47 4 106 118 51 30 121 41 66 53 73 110 66 99 53 42 98 114 114 85 7 113 123 6 128 93 83 86 59 66 91 105 70 68 95 120 97 87 33 35 12 105 16 77 76 69 118 45 54 103 1 60 88 123 65 87 87 20 44 18 85 6 122 26 74 88 18 42 47 50 76 58 26 92 6 101 32 124 18 85 98 18 17 57 13 81 15 99 100 59 116 57 64 110 82 9 69 99 51 115 20 126 44 46 89 50 18 120 45 35 77 14 53 93 
71 65 45 85 35 17 15 23 73 79 4 26 87 72 125 9 59 16 7 102 61 95 23 79 87 67 113 35 81 37 127 23 101 43 107 8 59 122 30 3 72 33 29 30 104 25 39 34 40 45 8 101 11 30 51 97 97 35 3 49 72 1 71 44 44 49 51 102 42 80 105 113 112 5 15 88 29 53 121 68 97 128 40 107 30 90 76 126 125 78 46 68 79 116 111 122 36 34 95 78 113 71 62 97 75 76 56 103 128 48 43 96 48 82 75 77 44 22 74 40 99 119 107 49 106 89 42 13 
122 9 90 107 79 24 75 26 99 2 128 99 49 42 66 96 124 12 44 39 33 117 78 4 107 56 52 84 16 94 97 10 102 58 116 52 81 62 77 52 63 77 22 111 118 87 79 113 99 122 23 3 111 100 6 89 27 58 45 43 23 13 52 124 70 39 47 23 100 124 74 34 72 95 16 61 53 94 46 23 88 68 26 70 40 31 30 66 88 74 108 110 86 31 105 28 69 24 50 40 19 123 73 90 89 89 22 13 54 67 36 13 7 61 82 46 91 112 111 51 57 91 32 15 121 9 42 62 
32 91 101 50 85 46 11 45 6 32 57 59 99 92 72 105 24 25 22 115 8 4 37 65 94 68 79 87 76 120 20 107 82 120 28 38 37 38 82 42 70 10 101 40 102 44 16 125 68 37 111 76 40 19 12 6 87 90 92 34 81 111 13 34 102 40 71 11 78 24 52 19 33 24 58 6 67 73 3 7 109 113 82 20 4 93 25 90 54 116 123 6 98 7 39 72 47 109 82 124 4 5 14 36 29 71 42 95 15 44 101 123 28 54 14 31 18 39 120 71 26 115 76 124 121 114 67 39 
94 20 34 97 24 47 5 52 117 46 19 3 89 119 125 116 45 11 19 62 49 10 5 74 124 80 69 117 66 7 27 31 26 61 128 50 107 4 101 96 49 119 98 9 110 95 124 26 105 14 87 25 24 91 98 19 43 39 7 108 45 34 10 71 94 9 120 72 12 92 39 60 83 9 68 64 103 64 89 79 77 47 103 100 10 72 119 52 110 125 31 27 30 40 97 123 49 88 67 60 51 105 120 5 113 59 68 87 122 28 37 71 75 11 42 84 83 32 7 64 29 37 90 58 76 58 53 124 
17 119 56 68 95 47 72 80 105 12 38 99 39 75 41 113 85 82 68 39 114 74 103 14 110 64 71 58 122 123 53 10 113 108 77 80 26 21 31 3 32 68 101 70 14 13 55 99 94 122 9 79 68 111 92 49 47 35 106 40 29 31 49 14 10 126 93 36 18 123 38 49 62 10 118 76 22 44 46 115 38 54 66 105 37 29 25 83 63 3 122 92 33 42 105 42 39 69 77 56 63 114 104 124 123 94 71 16 9 116 3 46 42 68 22 78 96 47 32 31 49 25 122 81 66 98 122 105 
38 71 32 100 56 8 95 51 101 38 66 109 25 68 27 66 7 48 15 103 94 46 5 14 70 126 94 8 95 88 112 4 30 15 103 85 22 69 7 122 106 73 103 3 12 1 68 19 48 83 121 14 128 125 27 70 122 121 77 88 80 60 91 109 74 65 65 96 5 72 89 111 16 63 113 27 63 52 45 111 6 37 124 6 33 22 75 26 14 23 113 93 82 75 73 27 11 10 122 16 81 83 126 96 17 110 122 80 33 39 62 39 75 57 44 108 78 118 5 92 12 118 56 93 64 1 119 75 
10 113 90 90 67 87 57 83 68 50 34 100 88 95 10 35 23 53 14 101 42 18 64 53 7 119 17 71 119 8 17 128 120 106 89 58 64 17 12 3 67 46 102 26 12 112 60 35 36 73 7 78 91 70 2 97 60 19 39 51 26 55 50 17 32 11 74 95 27 85 97 93 2 71 119 14 54 50 48 89 123 54 38 85 123 40 53 54 58 92 104 83 18 26 99 50 36 44 16 62 128 113 27 2 55 17 15 108 66 62 68 60 115 106 16 109 17 69 34 74 32 10 28 49 35 126 98 70 
41 114 3 40 98 29 41 24 45 55 3 111 116 70 42 102 47 58 82 63 126 116 8 29 125 35 77 31 32 47 100 72 32 102 112 1 3 24 24 47 79 26 29 66 95 71 40 14 128 121 76 125 108 84 25 104 118 101 6 22 19 105 93 50 79 76 50 81 100 73 127 50 98 28 115 65 98 26 78 97 19 25 93 126 108 117 102 98 89 107 119 108 84 83 29 34 31 79 114 2 23 112 51 121 11 37 57 108 63 6 76 81 30 40 78 10 28 51 107 117 30 97 96 113 51 124 18 81 
74 3 82 97 114 4 89 125 41 17 104 103 22 52 55 51 91 4 60 119 55 38 107 84 6 74 68 57 69 85 9 15 87 91 111 72 94 71 68 6 87 44 108 108 95 34 30 57 38 90 47 92 127 25 47 5 98 114 61 39 70 69 53 28 31 35 99 125 105 39 2 63 82 110 42 48 15 71 104 52 32 23 15 31 47 61 35 17 46 95 55 115 35 107 14 66 13 113 62 117 23 63 51 104 44 92 23 59 34 126 110 66 20 125 96 67 57 2 83 103 96 9 89 2 115 103 67 127 
87 128 115 109 63 37 84 106 128 106 36 33 103 18 98 123 14 65 61 70 66 15 44 33 23 5 35 9 107 101 7 65 101 121 45 35 29 128 12 28 105 48 60 79 65 30 73 78 94 5 19 32 19 63 64 41 67 98 49 45 71 55 109 43 47 25 77 75 24 88 102 128 7 34 78 71 63 23 20 28 27 39 59 46 101 123 86 39 92 7 83 34 61 63 76 108 87 24 54 110 112 28 109 118 61 58 61 123 80 80 22 107 118 81 24 90 75 109 128 38 115 82 72 48 16 19 27 102 
43 80 83 26 107 63 15 39 121 75 33 72 27 55 50 16 7 73 106 81 54 105 118 40 59 61 87 74 80 113 48 122 65 2 19 43 65 33 82 57 108 114 128 6 40 50 21 46 122 126 126 47 103 116 87 33 48 45 106 127 30 25 120 94 27 10 8 91 43 89 19 22 75 18 27 114 67 47 32 61 45 29 107 19 16 65 51 64 110 28 62 11 53 54 104 79 63 111 41 105 72 59 126 18 76 24 3 15 71 34 75 115 63 53 5 78 118 55 13 99 82 75 109 6 128 84 84 62 
66 124 39 9 54 36 26 2 60 29 16 2 62 90 116 124 14 120 74 3 46 86 101 127 32 81 5 31 36 88 93 102 84 3 110 9 38 8 10 97 36 25 98 97 114 85 93 128 76 38 2 121 123 103 120 27 55 124 57 91 83 21 64 38 23 45 47 61 52 56 29 87 81 127 56 66 83 20 65 31 57 67 23 51 41 14 77 95 9 6 57 92 26 120 1 49 37 47 109 88 103 9 47 55 7 102 120 90 121 57 120 49 123 14 99 35 28 48 1 36 53 58 127 78 49 128 126 85 
46 106 45 20 115 91 74 121 64 66 82 56 122 73 104 116 87 74 22 114 121 22 21 45 79 20 123 128 19 120 84 64 98 128 84 84 90 29 76 25 94 30 80 87 102 55 74 60 1 95 45 121 117 66 38 67 85 32 66 103 23 22 38 120 21 121 75 111 22 23 7 115 52 87 74 25 13 19 85 13 114 1 6 102 66 43 40 22 74 106 124 96 127 34 88 19 26 34 1 47 56 8 34 107 94 107 4 106 125 88 119 110 88 124 83 26 38 123 47 111 100 43 78 98 76 37 116 101 
71 117 20 126 124 53 105 89 31 108 66 27 67 56 9 26 51 91 51 88 85 98 70 56 12 20 25 87 56 13 59 126 1 78 124 124 2 100 84 32 79 21 59 17 77 67 42 127 29 93 87 114 62 28 41 73 47 66 31 103 78 89 100 78 39 95 73 40 66 28 72 16 48 2 32 124 68 74 123 96 38 81 81 99 108 122 43 27 59 73 1 8 33 100 85 71 67 29 111 4 56 54 20 103 55 51 99 122 124 93 89 33 45 42 3 24 35 45 50 93 117 50 100 22 22 56 92 88 
84 74 91 11 127 110 113 53 33 83 46 28 47 7 61 91 48 63 115 82 108 36 46 96 86 17 117 107 72 81 66 27 26 28 37 25 10 21 77 42 104 123 69 22 1 1 113 48 64 99 1 43 6 46 10 91 62 127 69 5 79 6 31 104 34 67 128 43 87 77 84 62 71 24 84 71 25 68 118 88 38 118 2 43 35 11 6 96 9 74 100 87 80 2 63 113 68 62 27 26 10 110 88 80 5 43 22 29 110 11 116 19 128 117 61 34 128 66 1 8 12 100 95 91 101 29 75 40 
90 101 66 100 82 25 51 86 67 73 115 48 83 102 66 83 91 126 116 90 64 117 97 75 88 63 37 61 91 111 100 53 83 37 24 36 61 74 121 127 18 107 46 101 81 111 55 43 109 42 4 44 30 100 118 118 35 26 50 125 8 21 49 90 58 72 125 118 18 117 117 35 96 34 7 48 17 61 90 125 103 93 40 4 64 29 121 98 54 42 95 61 63 15 22 120 87 18 109 104 6 97 10 101 3 17 20 19 77 109 15 51 73 54 55 9 82 47 106 7 89 72 67 23 87 88 14 45 
105 122 20 110 91 29 83 93 45 102 111 122 83 125 44 27 50 98 35 3 17 13 9 105 84 75 127 42 34 12 86 10 5 105 119 95 6 73 59 50 47 41 43 1 37 87 27 86 56 62 88 72 74 96 48 29 42 46 71 75 57 28 84 62 5 75 28 10 19 87 59 65 127 102 65 36 60 92 121 115 25 81 59 98 48 106 126 90 24 68 36 80 96 120 13 100 66 41 109 84 127 39 21 125 12 85 32 71 48 25 58 72 105 116 41 24 93 39 113 116 106 21 68 73 12 80 44 77 
120 24 32 118 63 52 115 74 9 18 17 56 42 74 128 18 61 40 42 25 78 26 13 56 46 80 128 57 31 44 5 23 67 37 12 1 88 126 75 96 16 91 24 57 36 23 75 96 62 116 120 12 13 4 67 59 83 66 115 114 109 120 8 48 28 19 48 115 17 122 83 32 84 106 88 119 128 34 86 61 21 78 72 34 81 10 92 36 76 78 21 56 69 28 103 96 46 23 83 62 16 37 93 100 14 53 90 13 86 48 73 107 125 17 12 77 26 103 112 101 52 4 29 121 31 3 88 77 
25 42 10 41 78 103 12 91 27 101 103 112 20 48 90 16 64 101 93 89 75 76 62 127 80 90 119 110 92 78 58 117 120 68 29 69 42 40 32 68 12 6 51 32 53 13 47 116 113 11 77 60 87 10 58 38 99 48 19 62 125 77 50 116 16 78 57 57 117 88 124 1 93 46 32 18 58 78 5 43 89 81 102 47 90 31 84 60 78 102 122 74 50 43 62 65 121 118 121 109 77 116 109 41 34 12 58 91 90 63 5 50 15 106 96 105 8 51 36 85 24 29 31 74 72 92 10 64 
81 3 44 29 118 25 69 23 36 127 114 125 61 118 46 75 96 13 51 103 63 87 60 87 115 90 32 58 53 41 121 5 43 37 33 33 61 101 55 96 99 40 93 31 30 10 106 125 23 28 99 85 114 30 43 101 119 74 30 43 115 23 47 29 59 79 61 119 52 116 86 22 27 50 53 56 60 30 52 82 57 23 38 43 52 81 15 43 26 44 85 12 66 4 41 124 82 101 114 5 88 72 27 115 121 79 42 52 108 94 5 36 116 43 78 39 123 92 81 20 8 38 32 73 41 72 69 122 
44 54 127 4 125 25 118 118 103 31 41 82 124 46 117 111 88 67 22 82 30 102 101 37 11 4 110 51 75 50 45 119 103 43 122 100 67 111 89 41 13 1 122 9 46 110 119 5 48 12 86 78 114 59 114 124 62 95 47 9 16 91 127 119 5 120 90 71 102 50 111 114 50 104 122 96 85 113 100 5 124 58 82 109 116 67 105 49 34 23 57 49 113 55 39 117 46 128 59 19 49 41 5 99 16 126 66 100 110 37 104 106 94 57 86 81 124 62 2 29 84 58 77 68 113 116 56 30 
115 114 49 36 26 53 6 41 50 71 13 32 107 116 9 73 45 94 25 40 28 26 68 111 84 16 51 68 3 106 97 118 92 17 25 117 69 30 30 119 100 42 22 78 29 30 22 73 123 47 112 22 72 51 5 27 67 55 94 69 32 63 58 123 79 82 112 20 111 13 10 82 54 31 32 82 60 53 27 54 99 10 76 43 61 80 69 127 6 35 67 37 97 125 32 47 78 15 66 61 27 75 14 80 105 45 33 36 98 59 90 68 69 37 110 1 116 51 127 121 85 65 29 53 61 60 99 11 
74 37 71 100 111 84 51 88 1 84 123 98 14 84 37 82 120 19 82 107 69 80 99 25 17 128 77 77 59 47 87 5 83 29 104 66 113 27 25 113 110 19 82 123 103 118 77 94 8 30 73 76 110 43 100 126 42 48 74 101 95 33 105 49 61 80 114 45 106 10 29 87 29 110 82 3 100 30 96 107 59 40 55 40 83 26 37 124 74 111 96 40 15 72 88 75 24 74 120 1 83 20 88 111 2 41 113 101 70 81 79 128 120 5 40 74 31 76 70 104 58 37 15 72 109 102 19 4 
47 10 4 2 29 91 112 30 3 97 2 72 49 81 72 40 85 111 114 115 58 55 90 116 91 104 59 71 78 77 74 124 86 78 125 115 40 109 16 43 77 18 114 125 98 57 36 54 39 21 41 97 75 2 84 38 106 14 108 55 91 54 50 48 3 47 34 42 27 50 84 103 67 70 99 36 126 6 89 37 27 1 5 101 3 88 10 108 101 118 34 63 43 83 111 45 1 16 86 27 65 42 1 3 111 99 38 108 105 127 16 3 127 20 103 1 107 113 108 80 102 13 14 16 96 124 60 96 
12 17 123 76 58 123 79 40 94 116 20 70 114 35 72 113 55 46 113 33 30 93 112 3 105 126 18 72 121 77 40 4 94 34 80 23 28 30 63 121 17 82 62 3 116 5 115 42 51 99 75 80 63 58 83 40 55 100 111 48 49 22 51 14 55 2 36 83 31 98 75 48 51 9 50 39 13 36 80 63 6 26 15 69 84 97 108 10 68 90 57 116 112 108 1 38 109 37 120 12 6 67 59 57 75 108 95 87 15 46 22 20 72 36 88 27 4 67 36 71 29 93 59 12 72 59 49 52 
95 41 63 101 107 121 29 53 100 123 11 114 40 32 6 111 67 93 9 70 32 45 13 60 9 71 71 80 1 119 3 96 31 66 68 9 58 96 61 30 90 72 15 1 103 20 112 42 113 120 111 16 36 123 75 44 65 17 123 66 7 126 33 38 63 100 46 120 67 107 21 28 50 36 28 24 55 11 65 39 3 48 54 38 42 128 82 107 16 76 44 23 73 76 60 7 47 105 127 113 83 19 12 4 54 39 28 109 50 92 19 52 11 73 89 53 72 42 31 88 118 74 110 62 21 41 69 67 
17 67 51 100 85 62 103 11 100 2 119 21 94 9 72 104 81 33 28 25 74 58 112 63 3 93 125 23 5 65 89 21 3 11 120 87 72 95 97 44 96 87 64 61 96 8 37 48 40 64 72 113 122 55 48 124 19 44 19 23 108 107 44 110 118 35 68 61 1 37 104 97 123 40 29 90 47 65 10 86 1 81 70 122 8 117 117 26 32 7 49 11 114 92 120 103 126 60 35 127 96 11 95 90 50 123 52 96 60 61 53 60 13 122 53 20 111 41 46 14 48 94 25 33 57 16 7 54 
75 41 52 42 51 18 4 100 13 55 67 72 115 119 3 127 113 55 19 95 95 64 108 14 29 4 46 85 20 52 10 94 93 62 8 15 79 11 115 91 65 53 34 51 44 36 49 28 90 67 122 57 2 101 70 30 105 116 114 124 39 124 89 3 57 96 18 7 106 4 98 42 56 3 92 99 39 13 126 128 79 119 56 81 92 126 110 68 113 96 63 23 91 23 26 19 119 43 25 96 46 122 10 101 125 101 72 35 113 69 34 64 60 90 16 23 87 125 90 71 92 24 93 54 46 118 72 36 
32 97 4 77 90 13 50 86 113 121 120 98 61 26 33 120 115 48 14 73 44 103 15 8 126 107 61 44 97 5 79 128 101 82 77 62 94 126 20 79 118 11 48 50 36 80 42 22 127 55 94 42 30 108 49 27 87 110 70 55 114 21 54 86 102 2 19 68 127 38 18 116 49 65 38 84 16 79 106 14 5 71 55 34 51 104 61 9 85 2 63 70 22 116 27 124 118 45 63 116 83 80 104 3 16 13 86 31 91 63 44 95 6 98 1 56 73 61 64 29 62 126 98 84 113 124 79 102 
41 13 90 123 92 65 125 107 77 82 9 39 17 52 5 22 21 5 77 94 65 12 122 127 9 92 82 121 87 32 95 127 44 56 121 7 120 117 113 68 71 121 106 87 44 110 108 64 115 56 29 51 67 23 49 75 114 2 67 72 33 33 71 76 88 63 82 79 52 66 18 122 58 123 80 101 105 59 37 91 114 65 13 52 87 62 126 72 63 64 16 96 97 86 43 56 20 125 7 71 62 24 64 120 19 15 92 123 73 128 85 58 65 97 109 23 30 106 95 93 42 110 60 10 67 102 65 86 
98 71 29 32 95 92 23 113 107 114 107 51 114 63 109 50 31 89 72 61 67 38 25 108 19 84 117 85 57 53 43 27 124 71 58 90 34 80 74 12 65 52 63 50 114 43 99 16 3 43 76 69 80 100 48 99 55 36 55 112 89 97 10 84 39 67 45 73 18 118 84 82 41 18 4 26 60 102 41 63 16 117 3 96 88 51 66 15 86 120 126 46 89 7 1 127 73 45 71 90 34 27 43 74 44 46 99 104 20 12 38 35 128 40 2 87 90 67 101 48 59 98 93 19 104 94 17 48 
10 88 9 44 114 52 117 29 97 88 4 116 99 41 23 98 81 24 56 42 91 29 89 21 126 54 39 102 19 55 21 28 14 30 71 127 81 60 28 49 19 31 37 117 72 59 86 24 82 13 65 44 41 26 64 39 79 102 12 97 29 32 124 42 61 67 41 13 126 68 62 16 98 98 4 41 28 89 64 109 101 1 25 14 26 88 52 104 62 63 72 90 94 67 3 27 5 43 39 2 110 100 17 80 69 20 120 96 108 56 77 81 56 101 94 81 60 17 56 121 79 127 82 44 65 85 70 70 
127 109 71 109 80 88 60 21 107 51 116 87 106 64 39 33 36 4 113 96 20 40 88 98 38 42 13 103 126 83 44 124 63 114 104 14 73 35 34 52 86 22 10 63 85 48 96 121 51 80 88 70 120 47 39 29 88 51 3 85 5 46 81 67 32 56 81 104 91 114 27 48 7 36 110 92 83 77 84 5 29 43 74 20 89 112 48 49 35 51 5 39 96 85 106 127 13 58 103 103 43 1 22 50 37 3 13 119 80 96 124 108 10 69 127 98 53 46 18 87 96 23 125 64 107 102 62 119 
31 36 93 74 37 114 123 73 117 7 63 68 102 58 47 111 127 45 80 51 90 98 9 58 120 5 121 98 107 54 89 9 90 53 82 126 39 76 70 27 82 4 94 55 62 12 37 60 56 117 110 17 86 118 74 77 122 66 46 100 120 6 109 81 59 62 78 97 10 19 123 91 22 88 18 83 99 54 14 26 42 123 42 127 112 116 75 106 53 121 77 44 126 57 124 56 119 73 24 128 91 18 90 113 105 107 67 75 33 81 100 74 75 14 73 59 1 19 36 53 11 112 97 9 41 92 64 31 
37 88 30 127 105 119 111 82 98 50 28 2 2 128 75 76 13 19 6 13 38 41 65 48 25 33 56 65 125 120 95 33 79 124 31 55 114 14 8 83 63 36 84 64 35 31 11 47 49 17 59 86 57 123 6 81 28 61 17 24 52 111 56 2 106 86 57 92 99 64 46 33 99 2 96 5 32 107 51 80 123 109 38 51 104 43 4 3 103 20 26 27 3 81 28 108 38 84 71 9 20 117 41 118 118 9 123 21 115 45 100 109 26 9 31 1 51 34 3 26 54 28 52 56 108 79 35 17 
35 106 25 54 94 66 43 83 74 37 103 60 82 74 40 107 83 70 107 5 104 109 30 29 8 81 84 115 32 118 3 66 95 28 119 60 93 33 14 38 70 116 97 23 62 8 1 16 77 107 20 52 87 50 80 94 2 35 80 33 25 82 98 119 109 88 51 73 121 64 110 62 52 78 84 113 85 84 128 34 62 19 85 20 68 37 113 70 71 64 102 95 17 72 86 126 31 8 70 23 71 52 84 122 1 39 106 86 122 105 119 55 124 75 74 63 111 58 4 54 121 106 20 10 49 105 7 79 
112 76 102 55 127 57 48 128 96 26 85 89 2 75 16 125 21 89 60 4 19 63 57 11 40 76 20 88 53 26 39 36 102 12 90 100 68 10 99 35 35 55 124 36 1 11 33 22 99 92 25 117 26 81 128 66 28 19 25 80 45 63 116 18 74 77 117 14 86 88 48 120 14 43 28 15 53 60 36 24 23 60 12 48 12 11 113 39 30 10 119 74 72 106 91 18 54 79 31 12 38 78 3 52 121 30 66 45 89 101 68 111 32 80 31 43 90 15 81 119 24 71 64 96 48 26 113 102 
105 15 113 14 92 115 65 84 17 2 1 105 102 68 88 5 19 118 47 109 4 128 99 28 70 35 123 118 60 107 91 36 121 75 50 84 61 114 40 77 116 40 54 89 107 13 94 126 2 12 106 5 11 76 32 81 110 26 70 42 4 32 77 124 106 126 80 38 112 119 115 99 30 40 59 8 52 24 5 53 36 110 57 46 58 89 126 39 114 67 80 118 98 29 113 75 26 64 113 9 54 99 107 83 10 38 91 61 61 95 113 96 77 41 14 6 1 11 44 115 78 124 104 47 24 88 122 49 
24 106 58 77 76 36 32 85 73 122 17 6 88 1 101 36 41 114 41 42 125 85 28 74 80 3 120 103 90 113 23 113 90 80 62 37 116 93 121 60 86 9 65 45 9 38 81 50 23 121 91 19 77 118 92 28 120 84 2 81 68 25 66 30 104 127 66 91 91 59 23 48 67 87 92 76 124 44 125 19 37 87 37 113 76 1 13 67 84 14 19 23 38 84 52 14 82 118 104 44 48 126 91 114 85 55 61 80 98 57 98 6 15 7 119 90 7 3 28 90 16 47 112 54 2 36 67 84 
25 42 127 72 40 90 57 124 16 118 75 113 46 45 119 61 51 109 22 57 111 50 18 126 96 1 51 97 36 117 52 60 31 51 3 70 12 60 65 27 49 11 11 94 55 1 26 105 109 48 33 91 97 50 89 64 51 11 32 86 128 84 18 30 6 20 99 17 79 35 43 127 45 53 93 100 54 118 76 34 37 109 125 5 30 85 68 80 95 100 38 94 55 55 123 60 74 93 76 25 127 118 23 44 42 115 15 95 105 90 1 13 70 125 18 100 81 85 51 47 56 88 13 110 14 7 41 88 
100 116 112 98 105 6 13 19 121 27 113 97 117 113 109 58 109 126 29 61 83 80 108 10 39 120 120 53 126 32 12 97 20 123 67 124 128 79 14 120 106 127 88 94 111 69 23 92 66 52 24 20 3 3 30 41 122 21 93 120 52 104 88 71 98 26 67 98 105 80 89 82 78 49 47 61 117 69 24 54 120 47 74 122 50 103 35 43 123 127 34 46 103 122 117 72 19 55 41 123 6 2 76 84 50 122 16 38 63 39 91 54 85 36 48 6 10 82 49 4 80 82 50 54 75 38 126 94 
92 38 88 97 39 36 52 88 29 67 125 91 105 88 17 62 123 64 67 5 17 115 8 96 69 57 22 15 94 19 108 57 56 68 26 95 103 77 54 3 16 51 94 120 10 110 53 4 45 120 8 61 106 16 28 46 72 49 61 38 67 40 94 123 107 119 89 81 68 14 84 83 64 49 74 73 30 127 77 74 118 84 6 95 99 33 13 43 82 73 80 20 112 45 14 91 36 102 43 103 116 126 57 51 46 2 124 75 128 72 20 117 27 25 84 126 58 96 40 11 40 119 30 23 35 44 113 70 
17 28 44 4 25 100 55 71 102 50 17 101 121 37 90 19 61 45 16 118 12 55 128 51 45 30 73 80 73 58 21 89 85 65 93 109 36 19 51 9 68 68 110 60 104 71 78 36 115 94 26 126 20 25 48 65 54 120 16 126 49 36 87 5 100 51 114 8 69 36 16 8 103 125 67 78 67 16 114 53 109 11 50 1 35 97 65 89 89 80 86 9 115 44 14 87 94 127 94 34 34 109 41 9 106 107 86 44 123 71 97 103 81 18 103 116 115 39 76 75 118 33 83 105 77 96 63 42 
94 28 76 128 8 116 8 113 95 93 29 89 36 125 63 116 14 38 103 128 76 50 74 66 83 29 42 31 124 104 72 90 3 19 89 10 7 96 123 101 60 23 61 95 19 123 83 32 32 57 32 108 107 105 45 61 5 86 91 1 61 34 90 63 53 50 72 59 17 66 31 76 88 91 43 106 85 125 10 117 53 41 96 31 17 12 91 22 97 53 22 29 87 111 91 11 32 34 69 48 100 99 123 59 61 37 37 17 33 46 5 86 86 100 116 102 111 79 123 79 3 16 107 89 126 69 99 29 
103 39 76 74 9 71 4 69 107 40 86 12 85 90 97 42 62 84 16 44 34 10 123 37 26 101 125 23 42 96 52 16 6 127 89 15 69 92 83 48 4 40 59 88 2 27 2 63 110 17 106 16 26 100 52 51 73 48 74 114 15 125 1 21 123 89 35 64 52 117 111 55 29 41 15 30 67 16 92 48 32 69 63 57 41 114 108 113 34 53 98 48 49 98 68 43 58 102 106 109 91 88 36 119 128 50 20 66 65 111 114 96 51 48 24 91 34 3 75 67 55 44 114 103 13 54 18 70 
27 123 51 117 83 86 107 82 7 126 20 71 108 5 38 31 52 61 121 85 64 68 23 118 111 9 93 124 62 110 65 88 104 115 77 58 72 55 12 78 53 31 20 32 35 57 62 86 118 55 43 53 122 65 42 104 73 6 99 6 115 36 94 91 22 42 20 94 96 31 43 20 61 63 52 95 119 113 53 108 39 95 32 32 31 74 8 104 79 106 109 66 13 74 28 35 115 47 128 83 78 42 102 10 104 25 105 95 10 29 74 48 123 106 80 25 51 87 128 1 64 109 66 77 54 93 111 41 
12 110 123 89 23 96 98 127 121 74 93 2 102 38 49 96 15 128 121 65 86 120 66 22 100 3 98 26 96 80 66 107 61 60 67 83 27 36 81 19 110 45 20 83 83 69 51 97 68 43 34 26 34 99 47 6 101 16 31 68 95 96 46 27 27 112 109 53 20 62 72 1 106 91 83 60 31 5 29 99 47 62 124 81 32 42 86 4 57 116 72 23 83 117 49 109 101 29 33 120 90 104 120 68 67 74 127 97 79 27 67 125 88 62 77 119 103 34 123 31 21 66 53 103 54 101 83 26 
2 116 17 91 91 8 30 29 82 29 126 32 55 64 28 15 126 105 5 100 10 127 3 31 64 55 5 118 28 88 15 29 75 32 119 37 39 21 66 120 49 63 23 103 126 51 117 123 27 122 95 36 120 97 66 56 23 71 45 50 30 59 78 104 90 69 12 1 89 77 120 9 11 15 111 9 65 100 3 91 93 97 126 84 65 64 11 88 6 55 9 35 114 87 10 75 27 21 75 115 98 67 123 108 81 105 116 17 76 119 107 40 87 104 124 24 39 6 111 44 61 119 78 46 77 87 120 103 
108 67 89 77 5 83 56 85 60 44 101 7 34 79 47 120 54 42 15 93 47 125 8 107 116 86 24 64 44 16 39 23 82 127 99 86 82 27 42 13 70 14 19 103 92 65 94 17 106 109 109 25 105 117 3 92 74 27 28 117 42 66 12 123 64 110 80 17 8 121 29 77 6 48 51 97 112 17 113 90 125 94 114 101 82 116 65 27 14 92 15 55 29 26 49 92 8 128 109 15 120 9 92 125 56 14 93 40 30 78 1 26 43 114 127 124 101 63 22 115 26 36 41 54 62 90 17 69 
89 125 83 81 6 46 77 61 60 42 100 89 119 100 115 33 85 113 28 58 47 49 44 72 84 84 125 17 45 13 85 6 10 40 86 15 85 34 75 16 75 47 105 65 18 91 97 103 75 124 32 121 44 75 64 128 30 60 16 75 72 101 80 81 12 37 95 96 70 42 112 17 88 88 81 105 50 50 79 124 45 110 116 89 56 51 88 86 110 103 32 53 75 111 6 86 19 100 54 88 13 37 104 100 124 57 77 45 106 27 40 22 9 27 110 64 77 69 21 58 44 52 110 118 34 115 76 52 
87 1 12 99 37 115 71 32 43 19 76 20 45 115 42 53 13 23 117 89 92 9 18 7 61 127 124 94 114 71 18 72 71 29 42 107 15 112 10 58 2 85 77 47 71 118 99 83 13 87 43 104 96 60 110 28 59 105 121 44 48 10 115 118 38 28 97 53 12 106 110 13 63 58 59 5 48 30 88 60 116 2 35 83 62 16 110 120 120 103 35 39 112 21 29 22 48 125 74 59 102 55 72 36 112 2 41 31 31 128 90 19 1 124 101 62 11 83 53 3 57 87 41 40 107 69 61 27 
65 6 85 39 60 28 74 44 30 114 74 60 113 36 78 114 31 51 47 42 5 100 44 61 58 84 100 37 25 33 63 89 38 19 127 98 47 73 13 76 58 86 7 43 121 85 28 24 7 74 65 11 45 108 71 103 63 42 11 87 74 73 48 112 91 46 81 9 118 93 84 48 50 91 90 43 47 117 66 53 62 2 63 107 109 5 81 43 46 91 2 120 35 49 103 125 94 55 6 84 19 89 3 68 51 92 110 97 80 47 21 13 48 83 119 28 87 71 71 5 33 72 124 67 120 98 64 85 
24 69 40 42 29 42 109 80 5 91 48 84 9 69 97 57 23 87 84 110 30 26 114 62 97 109 1 88 78 64 45 101 4 84 14 32 126 122 111 2 84 31 86 93 99 54 21 121 12 104 102 41 2 87 103 98 67 103 58 16 38 102 116 41 57 1 72 54 123 55 56 78 85 13 42 55 66 62 47 77 38 21 118 39 107 92 8 46 66 65 61 103 38 49 15 95 49 86 20 43 12 75 121 96 87 34 22 24 96 69 101 5 89 90 43 67 53 50 112 118 115 45 92 24 93 106 118 13 
63 10 56 75 84 48 42 43 81 64 66 48 4 38 52 92 127 94 30 51 16 14 40 2 58 3 25 22 108 15 34 43 24 89 117 107 8 30 21 89 93 87 8 96 124 60 59 123 25 89 45 40 102 85 41 31 87 66 52 67 80 85 109 103 46 97 81 53 126 102 13 91 60 21 58 55 80 117 49 104 77 94 16 50 50 56 80 8 121 3 74 72 87 54 46 4 22 127 57 20 100 69 110 31 89 39 85 40 27 6 16 103 99 31 24 20 86 103 27 79 105 101 22 64 26 68 67 48 
66 123 67 37 64 48 67 24 86 23 64 113 28 79 87 126 109 111 17 66 85 44 16 62 16 38 125 41 105 63 88 42 58 26 78 121 73 16 16 31 38 79 15 66 29 101 63 9 83 80 75 40 123 90 101 10 127 97 50 103 31 10 16 88 35 93 80 108 108 96 10 18 46 24 83 75 124 17 83 79 96 29 118 90 119 90 99 117 58 21 92 88 30 107 48 64 72 127 43 51 94 52 68 12 75 22 86 71 39 40 21 6 69 10 96 59 99 66 47 28 86 10 115 115 117 34 51 60 
33 93 110 126 17 50 9 91 71 94 33 109 6 53 115 74 62 82 4 32 19 50 59 105 60 46 91 48 79 13 107 111 106 88 109 122 9 117 84 80 83 117 60 88 41 46 33 103 127 36 6 18 85 65 122 16 110 84 63 60 97 41 43 74 1 23 67 9 11 22 88 93 10 20 52 51 65 84 25 64 119 30 81 76 94 74 91 75 29 26 7 125 66 49 70 66 71 8 75 81 30 34 46 39 53 97 89 118 53 113 53 43 15 5 118 108 78 81 55 106 106 61 103 43 109 44 109 51 
52 55 3 81 88 48 119 13 17 80 2 69 64 54 111 78 58 101 58 7 53 112 112 30 44 86 72 24 2 52 74 53 106 76 5 66 124 123 78 12 74 79 80 10 4 62 87 61 34 16 67 86 127 50 115 42 8 59 65 9 110 10 61 88 86 65 25 81 59 102 92 5 52 43 14 55 104 100 115 10 116 53 95 114 102 82 28 109 12 92 117 121 102 49 80 59 113 104 11 44 77 102 48 128 16 61 54 119 32 40 128 19 92 95 5 66 48 32 46 59 123 35 51 96 83 3 26 68 
106 36 111 55 9 30 54 24 90 108 15 121 19 14 12 111 108 16 48 27 47 93 85 41 127 8 9 82 10 34 21 115 70 3 41 78 32 95 102 121 74 116 113 92 1 124 74 109 11 121 7 57 86 92 98 84 99 106 37 108 11 57 94 80 59 7 30 90 101 3 82 46 118 67 9 118 62 83 98 73 75 105 1 32 68 98 116 38 75 24 17 86 81 110 37 11 116 66 101 88 68 54 5 57 120 14 47 54 96 16 126 42 120 126 74 59 96 61 96 42 84 112 127 36 94 36 47 81 
101 19 41 41 72 45 97 64 58 15 117 25 31 114 67 22 111 12 81 78 72 48 120 27 32 118 63 125 25 109 77 126 127 117 38 70 34 6 5 91 21 121 116 51 106 54 72 89 65 24 38 8 72 29 34 103 19 96 99 43 76 47 40 74 36 77 16 69 83 20 31 103 13 18 25 118 71 96 78 7 120 116 14 63 16 48 37 34 15 7 77 91 53 116 36 88 65 51 28 19 71 59 121 83 76 17 72 19 112 22 25 103 9 39 37 24 86 73 58 100 79 6 62 4 121 98 91 57 
20 119 75 90 49 67 44 124 83 116 14 67 9 39 41 17 77 78 40 34 22 97 5 101 102 67 104 95 36 66 23 55 56 98 17 104 36 60 100 119 47 113 57 55 23 97 71 99 46 111 4 68 79 9 40 53 75 15 19 110 80 41 36 8 10 52 111 46 112 82 36 30 67 92 85 89 60 27 60 106 9 63 45 88 71 84 12 17 98 30 126 49 70 34 56 80 85 39 125 68 120 32 98 58 123 54 19 54 80 78 31 89 12 75 48 83 30 59 99 127 88 97 48 29 2 103 108 86 
13 104 26 5 7 123 62 1 48 80 55 127 29 85 87 41 32 6 123 61 64 93 60 23 61 107 52 62 81 31 20 94 7 45 98 13 39 31 14 86 111 68 84 11 24 43 51 55 48 45 116 112 10 47 6 70 25 57 4 105 88 23 70 94 67 39 106 105 70 119 62 52 58 17 62 82 59 113 8 107 29 123 90 38 41 95 108 65 24 111 42 111 5 111 76 71 22 53 47 91 44 108 14 101 124 75 54 55 59 62 33 88 56 122 125 97 88 104 33 111 86 74 93 90 57 40 32 78 
93 78 40 8 57 53 108 53 127 34 107 58 95 11 17 22 4 13 118 91 117 23 74 74 96 38 36 24 78 67 101 42 17 12 49 73 64 28 125 63 61 103 120 27 113 8 49 116 20 38 79 8 60 24 82 28 61 117 51 10 55 24 51 71 35 99 16 99 127 12 33 59 115 24 86 99 31 6 87 50 43 37 58 103 60 11 2 120 127 52 2 53 75 52 124 110 23 11 80 21 22 112 79 8 7 36 107 37 41 65 86 84 101 15 58 32 25 59 23 23 110 24 76 57 76 71 38 98 
81 117 118 102 100 68 110 106 104 88 14 16 24 99 99 124 114 28 27 10 86 49 33 68 73 108 124 20 50 33 117 2 21 106 103 120 45 84 97 20 43 110 36 66 80 6 61 65 34 87 75 119 8 107 58 80 86 53 99 7 85 87 8 105 64 110 96 108 66 64 128 108 45 35 46 125 40 106 61 73 65 7 64 72 113 121 23 70 46 121 76 2 79 83 107 14 65 74 121 2 10 120 109 54 26 26 50 66 4 111 10 68 117 73 11 102 66 33 43 111 25 119 112 103 73 90 116 9 
36 108 10 45 100 119 98 125 16 20 62 19 2 72 86 118 16 96 91 81 128 6 63 24 124 47 126 68 8 113 77 43 93 86 87 64 76 57 60 92 76 122 110 77 65 68 66 80 35 29 33 35 34 95 58 29 13 56 96 21 40 44 63 4 2 22 67 77 78 127 40 25 120 22 101 56 89 38 7 123 66 39 29 99 6 87 127 18 14 95 38 53 10 101 57 11 122 123 88 71 121 127 95 112 20 67 39 108 104 46 103 42 84 3 12 89 89 11 107 102 105 16 27 114 116 83 125 109 
77 84 51 70 82 17 53 102 83 92 81 59 9 55 100 92 58 111 53 18 121 31 120 97 46 18 83 34 100 79 14 48 34 65 117 115 81 42 88 36 5 41 94 13 95 65 104 24 47 28 42 40 58 33 8 104 50 90 9 21 40 22 68 73 86 57 60 39 98 19 74 102 59 39 114 26 103 89 49 21 117 90 60 46 122 68 21 43 29 29 63 69 51 3 13 8 59 72 46 28 91 119 1 21 29 114 46 3 74 95 24 62 56 83 108 50 22 128 92 51 29 27 119 79 29 3 86 87 
75 4 114 37 122 114 57 23 99 103 25 44 69 48 106 124 3 85 45 24 84 9 74 112 35 64 62 63 67 20 21 13 23 6 49 16 119 105 38 89 79 63 4 19 110 109 15 112 65 59 8 21 67 81 4 101 17 66 35 83 85 55 95 107 60 15 122 50 119 32 10 70 94 14 88 75 122 102 59 59 33 66 79 99 18 82 72 34 19 106 116 103 33 82 81 92 96 75 14 87 106 23 28 71 36 115 17 30 89 75 88 121 12 38 91 30 119 34 63 10 12 51 112 44 4 65 7 100 
11 20 58 116 43 85 58 78 71 74 107 31 21 66 23 32 103 114 61 94 19 124 103 30 46 86 73 49 22 80 20 32 99 77 19 13 33 76 91 104 22 69 6 42 7 29 73 109 14 6 74 32 1 48 62 46 6 6 94 27 85 114 59 56 62 77 68 95 25 30 70 46 99 75 87 105 103 31 85 116 36 31 20 36 78 81 81 83 86 47 110 43 32 40 98 93 116 37 59 12 67 128 57 37 75 15 13 49 46 97 37 81 127 56 117 77 8 69 31 93 115 12 7 18 51 104 111 39 
13 41 50 79 41 107 115 115 121 127 35 38 95 71 119 94 126 107 42 5 47 72 98 34 84 104 51 6 80 33 44 92 74 94 42 114 72 28 100 64 26 6 102 120 77 92 85 74 70 126 79 116 70 48 21 25 23 72 30 102 104 74 65 49 39 106 34 110 5 5 45 30 11 18 22 87 109 106 32 50 104 110 38 45 29 58 69 52 1 98 25 105 43 90 25 81 67 59 62 72 63 107 101 73 124 122 31 105 100 63 26 75 44 63 119 73 121 59 124 121 28 20 97 71 109 122 23 48 
52 85 119 114 63 91 59 58 85 89 34 56 23 60 2 67 122 120 11 114 50 6 107 77 25 75 19 6 68 42 53 119 126 43 105 60 5 35 117 89 123 23 16 18 82 17 84 75 8 94 61 57 99 39 6 123 113 24 128 53 65 52 43 62 94 19 121 99 53 110 59 48 4 75 65 85 91 20 31 99 113 91 27 83 1 32 77 114 56 77 38 120 128 80 54 94 99 46 64 23 27 122 70 30 68 6 114 31 25 17 1 9 107 27 91 108 59 40 93 114 116 2 105 115 81 30 80 51 
76 15 74 102 9 15 4 76 21 117 106 45 5 106 54 112 5 16 91 63 55 55 48 42 56 24 29 8 54 108 59 1 123 4 102 3 18 105 78 38 94 56 83 98 33 8 81 37 23 43 99 78 97 18 119 24 42 19 32 95 127 90 95 121 93 68 123 110 45 72 20 10 127 102 107 32 109 60 68 3 102 39 80 71 56 71 94 97 89 125 63 87 86 29 79 50 97 73 32 13 17 51 22 15 24 128 46 4 59 114 6 33 24 86 103 79 28 68 48 116 65 110 75 22 11 25 72 107 
98 103 119 114 25 12 128 48 11 46 51 70 31 56 102 54 13 76 4 40 15 51 28 79 33 102 101 43 126 44 21 95 18 11 80 42 22 80 89 32 125 11 101 27 66 74 80 79 21 83 118 36 6 17 114 38 118 86 80 116 1 100 82 18 110 34 59 3 113 19 34 109 29 7 7 95 80 86 45 101 40 34 8 45 51 121 82 40 79 33 27 79 4 109 97 113 14 27 115 126 46 21 106 74 27 112 40 106 69 84 78 108 118 85 25 40 78 106 79 28 11 106 106 14 86 74 127 99 
101 113 96 18 5 73 91 31 56 3 9 124 86 86 103 75 43 127 114 120 105 65 19 115 42 124 128 127 70 126 97 42 111 64 59 115 8 21 18 63 23 26 58 109 111 32 55 25 31 41 16 7 105 34 121 18 30 120 16 99 118 112 12 100 47 70 86 54 90 103 116 113 128 45 93 111 76 19 7 106 59 23 112 35 56 104 52 85 96 67 55 85 50 66 56 96 7 13 21 97 116 8 81 115 52 45 97 128 63 104 105 122 126 89 28 53 64 80 10 31 18 64 115 68 2 42 35 8 
55 56 104 42 63 56 28 115 100 125 114 35 100 90 28 97 50 55 21 114 6 30 16 24 94 3 91 95 44 125 102 98 52 78 11 115 5 39 101 105 35 86 11 6 47 38 102 97 92 122 82 98 24 97 121 117 99 83 83 15 79 56 112 3 5 123 117 10 33 89 114 67 46 124 72 92 33 45 60 124 38 13 93 61 110 85 49 80 39 3 94 118 59 78 120 63 72 108 72 104 68 57 42 113 52 113 76 84 29 8 80 66 20 44 127 1 1 47 81 39 50 46 28 108 123 19 42 66 
126 114 41 65 42 82 49 94 66 125 49 94 4 128 32 23 44 30 24 44 76 104 82 125 21 110 104 16 128 18 81 126 3 122 62 44 75 111 9 13 107 58 106 110 57 9 4 100 38 27 15 114 2 97 110 23 78 86 38 77 103 118 74 105 111 8 20 58 118 29 70 96 86 47 77 14 56 80 114 93 107 128 78 108 96 60 2 45 17 39 122 119 29 67 95 11 74 114 68 63 14 9 30 99 56 106 113 111 58 98 75 36 97 25 15 65 84 17 109 100 55 102 90 83 41 56 94 114 
41 33 49 55 42 78 25 97 56 9 79 113 106 25 20 75 49 34 11 4 50 119 103 105 93 64 59 5 119 24 118 32 57 38 86 98 116 110 66 43 119 16 27 96 40 46 42 89 79 52 92 1 43 67 105 7 2 35 11 121 59 128 24 115 38 109 84 25 90 21 67 80 36 93 48 75 10 89 35 88 13 127 88 55 65 64 61 66 99 71 58 29 70 81 15 107 61 98 3 23 118 69 102 25 33 21 99 42 110 6 2 122 4 89 48 68 25 108 5 123 50 63 23 119 15 37 98 76 
6 100 98 123 41 71 19 73 92 117 115 73 122 116 66 125 76 113 64 100 92 69 94 13 3 116 3 17 24 100 92 29 72 61 23 112 4 41 56 95 30 42 39 23 29 104 20 105 88 83 76 51 23 42 63 25 29 65 42 53 37 5 81 108 66 104 91 69 16 18 35 45 60 73 68 88 48 87 64 7 41 12 57 64 53 119 88 81 55 1 5 91 6 86 70 71 61 32 11 76 50 45 121 109 117 60 68 36 18 4 42 58 15 98 121 67 88 81 19 14 81 24 105 86 109 46 28 41 
78 38 116 127 82 108 107 70 39 46 105 56 49 18 114 63 115 106 1 74 58 20 88 11 43 64 96 23 109 124 63 58 33 50 56 115 30 34 56 68 80 33 124 128 50 109 63 37 86 63 110 16 82 69 26 124 4 121 18 113 116 80 42 21 2 98 7 31 3 62 98 82 94 93 82 16 73 16 52 31 78 33 46 32 102 71 27 105 63 45 89 51 124 3 71 125 100 77 27 102 10 125 56 104 89 9 119 34 24 42 64 101 74 109 4 47 51 31 24 113 75 112 35 70 114 105 67 85 
53 93 59 63 89 114 38 50 122 28 83 17 69 18 117 14 126 121 61 48 23 84 32 97 67 67 38 53 43 104 9 96 69 67 30 29 52 67 78 45 94 32 61 34 49 50 47 46 42 107 93 64 62 125 32 1 63 69 53 105 45 61 72 113 128 101 13 51 39 91 96 4 122 28 37 43 77 84 88 118 62 53 53 124 49 84 124 111 25 48 87 69 108 31 53 107 3 65 30 42 27 125 45 21 24 82 63 101 37 22 90 98 74 15 93 122 98 88 104 122 7 63 62 115 93 114 93 95 
51 122 8 77 118 53 97 14 6 31 114 42 53 75 11 126 89 104 120 59 63 95 52 70 29 114 56 121 99 20 88 21 14 95 98 3 19 66 16 24 97 1 65 21 76 76 18 36 51 9 94 113 104 18 54 4 3 109 125 101 1 84 122 14 50 91 16 69 28 32 92 124 32 29 16 107 104 34 15 26 42 108 10 17 125 64 21 127 44 17 100 44 100 93 57 21 55 73 89 82 104 53 78 7 81 93 114 56 126 128 81 40 107 90 56 104 25 76 102 69 92 73 112 63 37 41 84 91 
113 44 45 88 96 122 94 48 86 79 103 84 78 55 123 57 17 50 32 41 126 5 109 89 78 93 24 114 5 107 77 117 22 121 76 118 114 41 37 71 120 12 26 69 66 20 125 82 70 28 123 67 33 103 27 110 67 50 95 71 28 43 59 50 35 6 39 20 47 75 91 38 86 116 106 24 8 103 105 77 2 99 15 34 74 41 15 12 91 110 83 118 24 13 39 59 19 77 78 65 24 40 102 109 28 79 4 35 53 109 111 55 79 125 88 24 37 103 36 127 84 118 117 107 2 27 37 20 
104 115 84 127 26 57 107 53 8 111 87 60 91 69 114 41 65 74 65 102 48 100 100 3 89 88 109 90 115 18 110 90 4 65 88 29 122 66 82 1 48 40 60 10 109 46 51 45 119 115 18 38 86 118 40 46 77 20 7 63 37 116 24 40 53 111 69 46 49 22 46 96 61 105 106 41 22 28 86 12 14 103 49 99 92 88 16 41 108 22 103 16 10 127 56 62 109 124 107 29 17 24 125 77 128 102 118 22 1 75 33 14 49 82 112 13 41 127 53 20 20 27 36 29 25 91 90 6 
86 68 34 102 91 30 50 91 3 39 112 3 113 16 16 34 97 127 46 10 125 98 29 17 124 64 45 21 26 7 26 111 74 59 84 37 89 6 127 91 44 110 94 29 125 109 62 94 108 107 103 104 76 3 120 71 67 37 91 92 43 116 75 116 47 30 24 7 35 22 97 79 3 62 107 128 43 40 93 22 18 67 125 93 69 117 35 7 25 126 99 67 113 45 54 31 74 78 37 109 99 6 59 102 67 37 101 109 76 65 2 93 3 127 57 71 115 91 78 11 88 48 77 73 92 2 103 37 
79 12 17 50 17 75 23 83 111 123 64 58 59 65 22 61 63 78 3 49 41 80 59 128 127 7 72 90 9 47 127 87 58 15 8 74 90 30 28 72 24 91 2 82 28 23 14 90 101 17 11 13 96 69 12 95 76 84 56 84 2 54 42 59 69 50 4 30 79 31 101 103 122 102 56 21 125 70 110 97 86 120 109 53 61 120 19 8 75 75 91 76 128 4 6 68 53 9 97 4 40 70 106 33 43 33 53 39 102 34 7 59 26 115 112 86 107 2 93 53 76 55 1 76 58 6 15 111 
15 112 114 54 53 91 86 95 123 10 6 97 43 12 27 68 127 10 25 105 12 117 29 87 43 29 34 101 35 49 83 49 32 68 102 84 30 59 50 24 68 55 120 110 67 19 50 65 28 74 41 39 63 69 126 105 98 31 77 4 79 31 52 110 98 25 65 127 83 115 23 22 41 14 3 107 32 52 43 60 126 83 98 60 24 95 36 121 126 113 124 76 15 47 58 113 71 122 111 25 108 5 46 21 19 48 127 50 100 42 109 97 124 79 28 19 45 63 11 42 47 6 118 62 52 47 46 122 
40 28 18 20 33 63 40 51 111 38 100 82 79 81 50 75 31 77 93 75 11 104 117 58 109 106 119 33 24 36 26 63 63 44 82 95 106 121 17 88 31 117 41 109 69 90 55 99 38 20 45 49 123 33 106 103 10 96 7 33 3 33 96 65 76 49 32 53 42 48 13 72 36 53 52 104 15 107 74 52 126 119 100 120 23 77 94 33 44 101 65 46 5 32 111 80 81 14 4 122 61 16 65 97 69 116 72 83 94 18 6 91 8 106 82 30 54 48 62 98 20 127 15 24 30 125 103 110 
10 106 103 71 122 39 39 62 27 110 16 120 127 21 83 6 126 36 36 52 83 97 21 102 95 35 125 125 32 99 106 41 77 81 111 70 119 21 3 17 3 18 9 1 38 91 7 36 126 42 87 81 10 107 54 105 13 51 101 44 21 78 85 97 30 67 38 21 88 40 37 90 57 45 90 95 7 96 2 5 9 88 85 19 66 10 123 78 60 95 122 81 44 78 49 74 16 87 94 103 126 2 64 55 47 26 21 53 121 22 57 2 109 13 20 46 23 14 123 82 108 116 34 23 65 83 96 81 
41 61 55 38 63 119 92 109 16 112 33 8 5 90 9 113 102 28 30 124 41 25 78 20 12 111 43 77 65 10 29 105 71 83 15 5 73 106 113 88 90 17 96 94 106 104 79 80 4 108 75 44 4 24 64 16 7 106 92 71 115 120 48 57 74 62 61 19 39 45 106 128 62 73 94 39 49 44 118 52 23 65 95 27 88 30 42 94 7 5 37 122 124 84 50 69 17 111 87 55 27 65 55 88 9 20 127 57 63 116 108 85 52 75 111 12 104 24 105 111 28 13 104 23 96 25 92 112 
7 50 39 34 114 93 121 123 112 119 51 46 107 31 2 30 105 113 41 80 8 18 62 36 30 37 58 126 62 21 109 68 71 19 101 56 111 94 50 94 84 101 11 62 3 13 92 107 125 4 58 4 21 120 39 51 28 97 48 89 117 28 29 59 47 1 115 29 94 36 123 50 8 5 111 10 17 74 116 13 78 46 17 98 37 55 20 64 23 67 25 12 95 53 70 13 53 56 41 19 92 35 68 99 40 50 109 56 124 96 69 73 13 85 42 49 11 62 113 34 128 9 45 94 61 114 106 113 
42 19 3 5 53 70 103 92 120 83 20 115 51 88 59 63 44 100 112 54 33 96 87 33 104 3 126 36 117 104 20 30 122 23 34 46 92 8 10 83 91 29 69 13 116 127 75 31 99 58 84 3 25 43 35 128 45 33 35 33 8 55 62 1 77 95 46 40 103 55 123 65 83 63 77 70 62 23 100 32 81 56 34 105 98 69 105 14 101 11 47 108 65 108 108 13 75 25 53 49 80 47 113 34 109 61 104 42 83 75 73 35 2 107 12 99 47 116 113 19 126 31 126 63 10 105 75 84 
1 127 4 80 45 116 114 26 48 89 67 3 35 12 37 37 118 48 7 36 35 119 54 33 21 51 95 31 27 41 114 27 40 118 107 84 105 92 109 25 52 48 27 86 59 63 122 48 111 1 83 17 119 8 49 12 58 15 42 84 56 27 110 95 16 88 50 121 51 31 17 102 78 43 60 8 105 53 55 87 53 9 104 44 16 24 55 73 39 96 28 94 122 9 60 10 97 109 2 19 11 18 121 88 60 52 95 36 104 21 123 29 29 98 72 44 121 126 116 31 93 15 124 86 24 55 95 120 
36 96 10 46 113 2 6 44 53 100 80 29 121 74 57 21 43 128 65 35 125 52 66 89 67 61 46 90 116 13 81 23 108 90 68 93 92 73 8 16 45 87 44 37 32 100 57 74 99 121 109 95 45 46 55 111 106 101 72 93 113 24 115 92 113 55 56 76 127 64 92 43 22 7 79 54 107 8 127 77 128 107 44 44 24 98 26 2 70 97 94 54 120 81 18 105 7 73 52 5 8 15 48 30 22 126 83 128 5 81 76 5 60 119 48 83 89 74 84 30 42 50 84 34 2 101 10 8 
45 61 12 53 76 59 82 97 57 36 96 61 116 43 65 47 34 113 2 122 58 85 23 99 6 106 4 7 78 13 14 123 74 26 47 21 84 128 117 12 35 84 73 22 126 9 69 31 121 70 24 50 26 47 21 32 24 24 38 102 37 52 96 110 77 14 2 32 13 118 44 47 73 116 68 70 124 8 101 117 77 124 38 103 42 58 6 66 82 43 39 118 94 6 99 42 19 100 74 31 89 117 77 33 104 16 102 99 24 74 87 100 70 125 74 111 54 79 48 7 122 86 124 87 91 94 1 109 
65 74 11 25 62 87 57 37 103 31 7 126 104 94 97 45 90 43 28 15 121 75 22 114 33 17 73 123 111 73 104 47 18 114 72 79 73 128 115 47 30 121 44 6 86 12 50 47 54 77 62 47 24 83 32 56 99 104 50 81 48 25 128 65 11 71 15 83 70 1 1 100 122 44 105 79 55 26 126 109 103 59 27 126 13 58 53 111 34 102 64 81 127 63 18 9 5 32 91 74 33 91 45 26 6 21 104 60 47 101 40 21 31 66 18 43 124 70 26 29 43 89 109 41 23 126 49 27 
30 11 100 62 101 17 87 106 37 62 38 83 35 77 103 65 15 120 108 10 61 5 38 104 93 18 16 115 16 65 13 45 75 112 106 48 128 64 25 37 125 62 119 31 11 94 96 25 85 75 34 18 79 71 121 43 88 8 29 103 72 41 19 19 24 124 66 24 59 90 60 56 24 50 86 34 15 53 58 100 127 91 117 77 33 109 119 120 116 19 95 60 59 113 78 83 109 15 106 39 104 37 94 127 86 52 32 101 104 89 72 103 51 60 51 83 40 42 75 27 60 41 86 119 25 35 73 5 
49 50 44 25 86 9 23 43 60 55 15 36 15 86 10 66 17 60 20 56 101 94 83 33 6 40 23 31 75 95 35 123 16 78 19 101 87 42 15 18 96 30 53 110 115 62 47 4 122 67 59 94 32 13 126 38 53 20 68 127 114 102 121 1 52 12 101 10 53 116 27 20 17 80 1 3 13 48 6 6 114 65 100 17 77 97 54 1 117 121 127 102 95 120 103 18 3 75 27 55 62 53 74 78 4 74 81 17 121 86 22 106 22 121 123 99 90 48 99 78 41 98 51 7 89 25 24 91 
100 50 17 33 102 90 111 106 35 63 122 28 20 15 5 42 8 127 12 97 47 110 46 87 79 96 93 39 121 116 1 92 37 17 124 10 106 106 115 13 40 108 40 60 123 44 101 2 43 112 98 89 93 15 47 44 110 11 82 102 126 83 65 34 99 61 43 77 38 30 89 78 9 128 9 3 43 109 4 85 92 101 45 56 115 91 99 97 101 53 70 98 7 7 3 105 67 46 53 104 75 13 53 83 12 61 86 55 41 89 11 4 62 56 60 48 18 30 16 119 82 86 88 88 92 91 65 30 
8 117 5 82 2 58 36 13 118 121 67 31 82 78 34 15 5 93 62 22 123 78 12 76 35 100 36 126 62 100 27 69 88 31 22 89 88 57 102 78 50 40 108 3 117 13 17 121 106 78 15 100 27 26 47 61 125 82 58 58 53 84 126 13 115 19 101 74 76 74 23 125 114 2 127 102 15 15 95 120 92 109 91 119 6 9 51 3 91 109 60 15 64 58 27 50 76 128 124 23 73 18 19 58 20 17 32 34 31 126 25 123 106 115 113 111 123 35 113 85 15 45 100 79 102 126 128 49 
125 123 72 70 13 90 127 32 107 30 65 9 27 89 3 4 75 115 115 69 22 99 26 36 15 125 114 116 122 114 37 119 108 108 60 120 69 58 23 47 88 87 56 114 47 58 118 121 45 104 62 66 74 87 101 89 83 87 76 76 72 112 66 51 91 125 43 32 55 65 78 14 24 5 127 70 63 116 63 107 91 124 44 37 82 16 125 36 102 72 111 45 56 49 96 18 45 10 49 99 74 127 112 97 3 111 39 65 98 101 43 61 96 86 97 49 102 93 84 75 36 66 120 91 114 87 109 31 
96 29 1 41 27 113 10 30 95 48 94 64 20 9 124 115 94 92 35 67 56 118 14 92 55 5 54 41 91 34 71 58 63 71 98 89 55 107 118 21 26 84 85 45 92 80 31 57 44 65 124 99 54 9 62 109 13 116 21 103 21 91 32 83 33 1 44 88 108 33 108 5 116 64 50 79 16 80 8 59 17 3 29 70 11 91 50 23 78 70 125 98 32 28 53 65 28 96 24 7 128 3 12 116 67 61 66 82 12 73 12 28 75 40 98 85 2 19 107 79 89 103 49 120 2 101 56 30 
68 79 36 67 82 47 54 20 107 120 101 119 64 112 18 11 23 115 95 25 6 74 103 94 48 23 85 50 123 13 79 62 91 114 1 44 33 54 63 11 45 35 1 109 18 19 119 41 5 85 65 10 30 39 103 78 62 60 127 56 72 77 118 34 62 118 78 94 43 12 105 88 47 105 68 64 123 58 104 128 14 40 9 44 79 112 121 12 43 119 67 114 67 56 19 128 45 96 94 88 108 70 47 26 46 114 89 41 43 65 40 56 104 48 99 54 31 91 65 73 81 4 58 19 59 77 19 104 
44 112 63 23 53 109 48 98 94 9 10 8 73 49 63 48 97 34 102 127 124 38 72 77 41 1 95 100 77 113 75 121 96 9 15 20 117 63 118 82 71 127 89 15 48 23 62 16 56 35 14 52 73 85 128 113 86 94 84 34 79 30 26 46 38 41 66 26 103 55 107 45 53 67 59 100 90 120 115 17 27 1 68 99 85 67 83 42 33 39 76 111 68 101 28 106 13 93 3 115 19 110 31 72 48 89 43 9 81 30 26 107 30 93 77 114 32 31 28 64 69 103 46 9 75 73 114 88 
38 116 74 56 97 105 127 17 65 42 25 17 71 50 123 100 15 71 85 46 102 112 109 42 86 26 50 33 98 35 120 7 23 65 63 119 41 61 7 106 102 32 122 44 81 117 15 95 59 100 12 32 83 120 74 41 17 123 73 115 30 64 121 52 128 55 42 41 116 49 18 89 80 11 5 32 127 19 127 58 118 10 89 73 2 34 113 18 29 57 4 58 120 125 109 119 51 22 31 38 70 48 127 21 59 3 53 57 21 51 114 11 60 75 83 61 108 67 79 8 123 82 65 114 78 45 104 1 
67 7 38 8 54 36 29 112 38 81 41 59 3 26 69 62 100 23 123 80 89 73 87 83 26 24 68 104 68 43 104 6 49 13 14 103 49 42 86 86 122 126 16 124 24 84 57 123 106 51 74 66 123 33 20 21 56 87 124 123 2 99 1 50 111 14 24 31 55 110 117 48 107 4 43 2 88 99 125 65 22 70 3 16 102 22 36 29 109 31 24 110 1 24 31 112 37 55 14 91 36 2 10 14 6 52 16 93 22 12 29 43 81 31 59 55 53 94 83 33 125 106 14 125 1 44 108 37 
98 122 127 5 123 8 19 128 59 34 92 81 45 121 123 125 23 53 51 75 19 6 107 15 111 120 11 112 36 119 20 5 112 19 10 106 26 28 106 85 61 69 37 105 61 31 101 84 84 24 30 102 29 9 116 11 128 126 122 35 116 14 40 99 32 49 77 57 76 54 13 8 122 49 112 55 80 84 10 35 107 39 8 7 47 123 18 47 120 11 81 108 24 120 78 55 40 26 112 115 79 124 122 73 45 105 127 124 61 8 30 39 46 37 46 93 31 63 11 22 73 91 1 97 83 79 23 122 
104 6 109 55 2 102 127 46 79 125 41 11 4 70 49 49 106 94 13 8 28 23 29 101 114 30 69 68 108 91 61 83 97 41 9 98 15 7 15 93 3 55 103 6 124 23 55 101 117 67 108 16 90 8 116 75 37 56 14 16 19 74 99 115 115 107 84 1 114 98 93 116 24 67 122 19 89 48 119 77 114 98 93 75 105 80 21 14 8 34 29 26 108 127 12 94 106 95 94 91 64 58 78 87 124 71 105 84 118 95 33 104 64 125 50 40 76 71 53 83 104 82 108 83 80 119 48 57 
85 13 19 20 70 97 106 65 39 82 21 29 48 53 4 111 49 53 23 124 123 75 79 99 28 58 53 108 49 101 36 5 113 55 25 55 23 2 119 61 84 11 89 3 63 92 114 111 17 8 107 11 82 57 109 110 114 34 89 34 6 124 39 118 50 63 44 72 64 35 5 19 45 93 22 108 57 7 90 73 14 68 83 95 124 64 76 110 97 36 15 102 32 53 91 81 115 7 25 51 41 29 69 85 121 90 64 49 96 26 121 109 93 76 76 89 11 23 70 107 59 84 80 90 9 42 42 123 
48 66 45 88 94 114 45 87 75 108 7 43 5 128 23 98 75 98 58 85 121 127 63 51 82 14 12 90 55 53 85 103 119 1 62 84 114 106 42 61 86 49 103 90 48 125 59 122 95 116 78 87 114 12 9 68 25 20 29 79 72 113 53 62 114 115 18 99 92 59 31 49 107 5 11 26 2 69 19 96 57 96 54 42 107 62 109 3 81 10 82 24 122 6 86 107 120 103 78 84 33 108 4 12 113 14 37 114 83 56 81 11 23 6 52 2 67 33 4 19 42 85 42 35 91 127 14 82 
101 91 37 6 70 41 17 54 54 53 39 8 108 119 18 3 124 70 4 62 102 7 80 15 92 122 49 54 120 62 7 93 24 44 98 94 84 114 19 9 38 58 17 18 48 34 20 44 103 23 105 76 29 57 90 120 50 11 45 41 72 52 5 96 95 102 61 50 87 79 58 125 8 74 14 56 108 33 99 82 55 75 30 83 3 119 75 52 1 119 93 73 42 97 40 8 71 100 57 29 50 115 25 58 60 38 113 39 70 83 121 124 29 22 79 32 12 25 83 13 15 47 85 57 16 124 64 86 
95 121 114 16 107 11 73 38 48 57 77 118 11 69 113 40 90 63 71 101 87 25 113 102 72 69 30 87 64 93 44 30 85 29 46 63 39 118 101 87 47 49 76 57 117 60 96 78 123 38 50 81 63 35 54 6 103 83 92 39 48 7 68 4 35 113 67 74 103 39 32 21 87 107 77 75 38 45 24 32 82 73 113 16 107 38 21 82 121 112 120 40 118 59 43 25 44 109 98 18 19 1 38 105 107 114 51 16 30 74 48 112 19 32 127 125 69 20 78 61 3 69 100 121 128 15 17 43 
123 114 60 14 114 97 118 92 82 41 107 112 114 26 95 4 57 93 1 126 112 78 58 115 19 30 107 18 44 123 60 38 108 119 51 93 87 41 56 40 81 34 23 66 60 117 70 116 82 70 113 65 19 43 51 37 72 29 54 115 23 113 24 2 103 75 94 61 115 21 101 67 55 123 4 114 112 73 101 65 14 86 1 33 128 52 69 71 80 123 57 103 107 80 104 82 26 70 14 12 90 114 78 16 109 82 1 92 26 102 28 40 59 28 72 58 79 12 128 31 6 56 5 113 7 108 66 33 
49 79 44 11 65 122 26 45 75 27 8 100 128 35 11 58 62 82 115 13 94 114 43 99 41 47 83 47 26 20 79 75 99 123 85 35 116 110 79 62 8 86 33 7 120 44 64 53 125 50 65 90 35 107 61 75 25 15 122 51 35 72 125 5 66 81 39 53 62 117 114 70 74 19 76 65 62 12 117 58 61 54 20 96 32 80 42 57 94 35 107 128 107 103 4 44 55 42 97 116 30 82 57 103 100 5 39 33 16 28 91 76 81 110 43 112 61 85 40 26 119 18 26 97 120 29 13 46 
71 109 34 100 62 90 75 34 94 113 66 109 12 28 57 92 9 99 76 69 55 115 95 46 5 120 14 124 20 26 42 90 6 75 62 68 36 8 101 2 120 38 110 4 66 38 95 74 9 42 15 63 29 109 108 33 100 122 28 119 19 69 81 25 15 14 92 51 21 64 52 12 101 33 15 38 71 110 112 79 23 126 13 51 106 121 83 77 114 111 67 4 51 19 28 66 32 119 116 52 54 39 64 27 71 78 64 13 59 47 91 82 44 104 4 21 96 87 97 81 69 36 84 119 54 112 56 86 
102 43 9 28 81 72 54 24 22 117 36 80 36 127 33 79 102 37 100 69 123 68 21 63 103 104 53 29 87 109 114 61 23 122 88 104 66 13 127 87 1 34 38 36 32 71 115 5 107 86 73 101 25 93 35 128 69 87 28 27 67 13 87 90 6 46 65 71 58 63 29 59 96 67 94 128 9 80 4 115 37 77 87 62 41 121 61 109 79 88 8 18 100 94 107 105 12 43 48 69 105 76 127 72 14 93 71 22 44 75 8 81 23 94 14 63 86 74 44 37 33 51 54 4 16 32 108 27 
74 27 96 50 103 94 121 116 58 64 10 102 10 17 54 32 111 67 94 68 12 9 104 44 59 29 47 75 60 26 101 5 53 68 54 27 34 47 14 91 110 23 64 119 40 117 22 22 55 115 89 66 124 65 109 54 93 27 128 25 53 101 29 105 40 83 3 73 1 16 36 110 39 99 100 78 88 121 99 14 107 59 80 102 123 60 28 88 87 27 112 11 127 12 115 39 94 117 111 94 4 18 75 42 117 46 119 76 38 89 89 17 20 40 118 14 100 17 101 58 44 84 68 42 96 54 80 61 
42 63 27 45 80 101 87 68 19 77 15 56 38 104 72 57 15 62 70 114 78 43 43 121 126 110 35 93 35 114 26 76 48 52 121 128 24 79 67 42 27 82 98 64 57 41 120 71 102 62 57 52 104 99 44 101 81 78 66 115 64 91 63 111 14 55 110 37 5 49 79 31 2 48 95 58 88 86 128 62 19 56 113 122 27 28 95 107 106 32 93 41 122 27 23 7 81 5 43 85 53 121 116 54 40 82 111 128 39 110 61 58 38 45 51 64 72 17 42 49 48 6 89 41 33 112 47 113 
116 90 70 40 82 57 93 122 10 75 121 48 56 53 105 93 97 28 28 40 44 69 89 92 75 49 4 107 32 51 91 19 12 32 58 93 88 22 86 97 96 78 17 24 2 121 116 98 20 16 10 64 84 98 27 30 18 30 8 50 80 99 68 91 2 126 56 90 19 13 58 115 91 74 10 92 67 125 62 86 12 71 21 96 40 47 125 57 77 5 106 28 103 46 119 104 43 46 65 61 58 123 47 20 68 56 112 6 53 45 92 64 115 112 31 26 31 28 82 107 32 60 6 6 105 124 109 19 
41 46 79 99 40 126 118 107 53 101 113 105 17 76 41 3 59 71 28 89 98 110 67 1 41 73 6 17 68 115 35 109 32 113 79 71 110 68 49 35 41 33 11 57 108 51 60 39 122 87 127 91 68 66 92 108 10 97 124 77 83 30 57 114 15 7 56 124 75 105 30 115 9 41 43 117 91 102 27 84 61 25 47 128 90 10 108 99 106 103 48 61 5 104 46 19 111 102 14 57 78 44 43 86 84 85 74 46 59 100 2 119 125 48 118 86 57 97 57 34 72 104 94 76 79 12 94 61 
113 107 117 62 22 31 19 105 116 93 23 46 64 24 36 60 71 25 18 127 122 74 32 65 49 126 12 127 9 105 60 121 83 48 54 105 79 72 81 66 36 103 111 100 126 18 31 68 42 48 66 35 121 98 99 41 95 110 40 103 86 99 95 41 18 20 17 96 91 97 33 127 72 15 98 69 32 128 9 74 48 74 108 40 43 79 81 9 60 120 111 18 90 77 58 107 96 74 75 59 42 107 57 113 122 26 54 25 25 62 98 72 7 78 112 50 28 64 58 87 55 41 104 16 117 33 122 85 
106 68 15 20 47 71 4 40 96 57 64 120 118 34 64 125 111 47 46 10 110 103 96 36 15 72 51 4 104 44 88 82 112 102 101 30 44 104 69 11 33 4 2 22 37 65 18 19 111 63 28 92 38 124 127 52 67 49 55 42 93 14 123 76 115 95 105 30 71 45 40 103 48 42 124 85 106 14 103 89 76 3 52 113 126 51 37 64 99 91 105 63 105 100 10 91 66 114 121 8 30 32 110 78 73 106 34 51 119 8 11 66 10 62 51 7 112 87 70 83 49 47 17 25 18 27 116 83 
12 108 91 42 11 72 119 84 49 24 6 39 31 16 105 41 77 27 47 61 113 117 15 33 35 31 58 52 57 45 6 69 24 96 110 34 40 100 117 88 123 122 127 25 9 103 65 86 1 112 18 113 100 32 17 6 62 74 57 119 118 62 59 13 30 40 47 69 11 35 28 5 29 26 29 37 128 94 122 128 77 11 112 48 42 1 53 104 74 109 94 64 42 24 76 71 63 122 11 73 29 39 77 57 64 105 93 64 70 87 63 18 97 47 65 11 47 117 114 120 97 79 55 11 102 3 81 36 
124 92 108 24 2 56 80 65 32 45 128 102 3 63 119 99 109 56 109 27 44 94 18 13 44 73 23 17 75 103 52 70 66 31 94 67 86 45 4 118 89 3 91 91 65 81 62 45 8 42 71 52 8 89 64 51 33 86 68 107 60 119 48 126 22 13 64 107 58 67 96 18 70 58 109 6 11 42 51 18 83 121 69 90 81 4 13 113 89 80 91 21 70 11 18 91 23 81 70 80 20 37 98 89 95 78 94 105 119 16 122 73 9 63 35 89 66 47 74 27 126 36 47 67 46 64 30 69 
16 99 20 35 7 117 123 101 66 89 77 56 104 71 1 112 5 35 73 70 81 18 96 78 53 14 16 99 77 45 39 93 15 58 127 22 47 122 122 112 82 71 40 57 13 40 41 17 74 113 86 26 2 54 103 54 67 118 24 16 35 62 108 49 120 106 70 38 99 64 21 52 6 60 109 18 99 21 34 44 5 119 69 6 44 43 59 111 33 83 126 67 16 105 115 7 82 57 44 53 120 65 104 125 124 84 14 95 104 47 10 108 37 79 113 81 121 44 63 25 126 60 91 13 36 78 20 117 
6 63 41 125 127 17 121 123 100 6 89 76 52 98 55 88 48 40 40 41 83 102 65 80 33 28 92 68 105 111 57 110 46 97 106 44 113 98 38 85 103 126 32 26 96 86 113 15 125 25 55 79 126 120 30 31 19 122 98 123 104 26 104 21 123 81 65 107 50 102 63 24 100 94 49 67 52 33 81 48 57 8 127 55 127 28 85 17 21 54 11 125 80 114 17 74 66 81 52 115 55 115 10 26 80 58 92 3 90 44 51 19 51 49 73 49 76 29 65 97 82 75 93 33 60 109 106 125 
62 30 111 116 16 120 13 95 49 104 98 11 19 20 29 70 68 101 118 15 1 55 111 82 1 75 115 61 56 92 57 117 121 40 104 8 31 116 103 80 91 72 90 109 91 118 50 30 90 40 44 90 94 27 43 94 101 29 26 28 121 83 16 113 122 119 121 24 106 95 103 68 38 64 49 128 53 98 29 14 9 72 103 102 98 18 68 71 46 93 98 38 47 114 23 40 104 15 64 82 109 38 21 18 102 69 17 26 39 45 40 47 116 14 21 86 31 88 28 77 52 125 114 99 110 8 10 86 
##Generated randomly 
#END OF SIMULATION DATA (needs this additional line as comment)
